 418.039 215.586 165.961 365.168 
 418.039 212.977 167.004 343.883 
 418.039 210.48 163.914 325.824 
 418.039 208.074 164.453 306.605 
 418.039 205.75 160.09 289.91 
 418.039 203.508 153.625 273.809 
 418.039 201.328 147.793 257.172 
 418.039 199.172 137.336 240.914 
 418.039 264.598 131.723 220.637 
 418.039 262.301 145.84 203.691 
 418.039 259.945 152.898 186.059 
 418.039 257.535 156.656 167.621 
 418.039 252.434 162.27 129.156
 418.039 249.715 161.332 106.801
 418.039 246.824 166.758 87.531 
 418.039 243.734 177.211 71.641 
 418.039 254.945 156.938 147.309 