284.8165    459.3184
284.8165    447.1378
284.8165    434.8979
284.8165    422.5989
284.8165    410.2072
284.8165    397.8113
284.8165    385.2979
284.8165    372.7555
284.8165    360.1786
284.8165    347.4801
284.8165    334.7525
284.8165    321.9656
284.8165    309.1109
284.8165    296.2024
284.8165    283.2304
284.8165    270.1959
284.8165    257.072
284.8165    243.9147
284.8165    230.6993
284.8165    217.4204
284.8165    204.0531
284.8165    190.6224
284.8165    177.099
284.8165    163.5477
284.8165    149.9069
284.8165    136.2274
284.8165    122.465
284.8165    108.6057
284.8165    100
284.8165    100
284.8165    100
284.8165    100
284.8165    100
284.8165    100
284.8165    100