415.9084    -145    294.9611    195
406.5756    -145    294.2512    195
397.1986    -145    293.538 195
387.7771    -145    292.8215    195
378.3108    -145    292.1015    195
368.7993    -145    291.3781    195
359.2424    -145    290.6512    195
349.6397    -145    289.9209    195
339.9909    -145    289.187 195
330.2956    -145    288.4496    195
320.5535    -145    287.7087    195
310.7643    -145    286.9642    195
300.9276    -145    286.216 195
291.0431    -145    285.4643    195
281.1105    -145    284.7088    195
271.1293    -145    283.9497    195
261.0992    -145    283.1869    195
251.0199    -145    282.4203    195
240.8911    -145    281.65  195
230.7122    -145    280.8758    195
220.483 -145    280.0979    195
210.2031    -145    279.316 195
199.8721    -145    278.5303    195
189.4896    -145    277.7407    195
179.0553    -145    276.9472    195
168.5687    -145    276.1496    195
158.0295    -145    275.3481    195
147.4372    -145    274.5425    195
136.7915    -145    273.7329    195
126.092 -145    272.9192    195
115.3382    -145    272.1014    195
104.5297    -145    271.2794    195
93.66615    -145    270.4532    195
82.74709    -145    269.6228    195
71.78616    -145    268.7881    195