420.5693    -145    294.9611    195
411.2585    -145    294.2512    195
401.9037    -145    293.538 195
392.5046    -145    292.8215    195
383.0608    -145    292.1015    195
373.5721    -145    291.3781    195
364.038 -145    290.6512    195
354.4583    -145    289.9209    195
344.8327    -145    289.187 195
335.1607    -145    288.4496    195
325.4422    -145    287.7087    195
315.6767    -145    286.9642    195
305.8639    -145    286.216 195
296.0034    -145    285.4643    195
286.095 -145    284.7088    195
276.1382    -145    283.9497    195
266.1327    -145    283.1869    195
256.0782    -145    282.4203    195
245.9742    -145    281.65  195
235.8205    -145    280.8758    195
225.6166    -145    280.0979    195
215.3622    -145    279.316 195
205.0568    -145    278.5303    195
194.7002    -145    277.7407    195
184.292 -145    276.9472    195
173.8317    -145    276.1496    195
163.3189    -145    275.3481    195
152.7533    -145    274.5425    195
142.1345    -145    273.7329    195
131.462 -145    272.9192    195
120.7355    -145    272.1014    195
109.9546    -145    271.2794    195
99.1187 -145    270.4532    195
88.22755    -145    269.6228    195
77.26662    -145    268.7881    195 
