          250  ! number of los
mkIIlbsrp 
      3.0000      0.3000      0.0000 ! origin for (p,ksi,zeta)
! los  cam             Rdet(m)     Zdet(m)  fidet(deg)      Rst(m)      Zst(m)   fist(deg)     Rend(m)     Zend(m)  fiend(deg)        p(m)    ksi(deg)   zeta(deg)  etendue(srm2) type 
    1 KB3H01A          3.0471     -1.4263      0.0000      2.9843     -1.3348      0.0000      1.8072      0.3796      0.0000      0.9383    124.4720      0.0000   0.245987E-07   2
    2 KB3H01B          3.0440     -1.4304      0.0000      2.9520     -1.3446      0.0000      1.8687     -0.3335      0.0000      1.2350    136.9750      0.0000   0.240838E-07   2
    3 KB3H01C          3.0410     -1.4344      0.0000      2.9261     -1.3667      0.0000      2.0319     -0.8394      0.0000      1.4732    149.4760      0.0000   0.228754E-07   2
    4 KB3H01D          3.0379     -1.4385      0.0000      2.9015     -1.3941      0.0000      2.1621     -1.1533      0.0000      1.6413    161.9610      0.0000   0.192657E-07   2
    5 KB3H02A          3.0451     -1.4237      0.0000      2.9011     -1.3948      0.0000      2.2136     -1.2571      0.0000      1.6813    168.6720      0.0000   0.169859E-07   2
    6 KB3H02B          3.0455     -1.4288      0.0000      2.8874     -1.4264      0.0000      2.4111     -1.4194      0.0000      1.7279    179.1470      0.0000   0.170505E-07   2
    7 KB3H02C          3.0459     -1.4338      0.0000      2.8864     -1.4608      0.0000      2.4050     -1.5424      0.0000      1.7171    189.6190      0.0000   0.103049E-07   2
    8 KB3H02D          3.0463     -1.4389      0.0000      2.8900     -1.4961      0.0000      2.4112     -1.6713      0.0000      1.6489    200.0960      0.0000   0.100000E-07   2
    9 KB3H03A          3.0082     -1.5226      0.0000      2.8881     -1.4218      0.0000      1.9469     -0.6321      0.0000      1.3909    140.0000      0.0000   0.599826E-07   2
   10 KB3H03B          3.0082     -1.5276      0.0000      2.8863     -1.4620      0.0000      2.1189     -1.0490      0.0000      1.6055    151.7140      0.0000   0.785336E-07   2
   11 KB3H03C          3.0082     -1.5326      0.0000      2.8903     -1.4975      0.0000      2.3661     -1.3415      0.0000      1.7541    163.4290      0.0000   0.103526E-06   2
   12 KB3H03D          3.0082     -1.5376      0.0000      2.8963     -1.5281      0.0000      2.4105     -1.4868      0.0000      1.8303    175.1430      0.0000   0.109246E-06   2
   13 KB3H04A          3.0082     -1.5223      0.0000      2.8945     -1.5360      0.0000      2.4188     -1.5932      0.0000      1.8102    186.8570      0.0000   0.104764E-06   2
   14 KB3H04B          3.0082     -1.5274      0.0000      2.8871     -1.5681      0.0000      2.6682     -1.6416      0.0000      1.7349    198.5710      0.0000   0.899146E-07   2
   15 KB3H04C          3.0082     -1.5324      0.0000      2.8822     -1.6060      0.0000      2.7691     -1.6721      0.0000      1.5864    210.2860      0.0000   0.730631E-07   2
   16 KB3H04D          3.0082     -1.5374      0.0000      2.8881     -1.6456      0.0000      2.8179     -1.7088      0.0000      1.3709    222.0000      0.0000   0.554912E-07   2
   17 KB3H05A          2.3170     -1.5956      0.0000      2.4189     -1.6327      0.0000      2.5414     -1.6773      0.0000     -2.0149    340.0000      0.0000   0.748019E-07   2
   18 KB3H05B          2.3160     -1.5907      0.0000      2.4210     -1.6030      0.0000      2.5721     -1.6206      0.0000     -1.9573    353.3330      0.0000   0.890128E-07   2
   19 KB3H05C          2.3149     -1.5858      0.0000      2.4136     -1.5743      0.0000      2.8988     -1.5175      0.0000     -1.7935      6.6670      0.0000   0.944142E-07   2
   20 KB3H05D          2.3138     -1.5809      0.0000      2.4063     -1.5472      0.0000      2.9438     -1.3516      0.0000     -1.5328     20.0000      0.0000   0.881582E-07   2
   21 KB3H06A          2.2780     -1.4802      0.0000      2.4207     -1.6070      0.0000      2.5278     -1.7022      0.0000     -1.8104    318.3810      0.0000   0.108307E-07   2
   22 KB3H06B          2.2805     -1.4758      0.0000      2.4104     -1.5622      0.0000      2.5525     -1.6567      0.0000     -1.8771    326.3710      0.0000   0.133894E-07   2
   23 KB3H06C          2.2831     -1.4714      0.0000      2.4012     -1.5281      0.0000      2.5863     -1.6170      0.0000     -1.9072    334.3570      0.0000   0.152974E-07   2
   24 KB3H06D          2.2856     -1.4670      0.0000      2.4067     -1.5055      0.0000      2.8918     -1.6599      0.0000     -1.9004    342.3450      0.0000   0.149227E-07   2
   25 KB3H07A          2.2787     -1.4354      0.0000      2.4126     -1.4639      0.0000      2.8878     -1.5648      0.0000     -1.8474    348.0070      0.0000   0.165512E-07   2
   26 KB3H07B          2.2783     -1.4303      0.0000      2.4129     -1.4327      0.0000      2.8870     -1.4410      0.0000     -1.7427    358.9910      0.0000   0.182252E-07   2
   27 KB3H07C          2.2779     -1.4253      0.0000      2.4079     -1.4024      0.0000      3.0833     -1.2832      0.0000     -1.5736     10.0031      0.0000   0.185247E-07   2
   28 KB3H07D          2.2775     -1.4202      0.0000      2.3953     -1.3750      0.0000      3.3955     -0.9911      0.0000     -1.3471     20.9961      0.0000   0.178949E-07   2
   29 KB401A           2.1426      1.8931      0.0000      2.1051      1.6916      0.0000      1.8116      0.1136      0.0000     -1.1343    259.4611      0.0000   0.548230E-07   2
   30 KB401B           2.1375      1.8930      0.0000      2.1294      1.7383      0.0000      1.9963     -0.7807      0.0000     -0.9453    266.9753      0.0000   0.587940E-07   2
   31 KB401C           2.1325      1.8930      0.0000      2.1427      1.7659      0.0000      2.3976     -1.3863      0.0000     -0.7363    274.6225      0.0000   0.587940E-07   2
   32 KB401D           2.1274      1.8929      0.0000      2.1516      1.7805      0.0000      2.8797     -1.6046      0.0000     -0.5181    282.1391      0.0000   0.548230E-07   2
   33 KB402A           3.1826      2.3142      0.0000      3.0221      1.9099      0.0000      1.9770     -0.7227      0.0000     -0.5735    248.3475      0.0000   0.647840E-07   2
   34 KB402B           3.1776      2.3149      0.0000      3.0794      1.8681      0.0000      2.3720     -1.3501      0.0000     -0.2591    257.6032      0.0000   0.721200E-07   2
   35 KB402C           3.1725      2.3156      0.0000      3.1478      1.8212      0.0000      2.9898     -1.3355      0.0000      0.0716    267.1348      0.0000   0.721200E-07   2
   36 KB402D           3.1675      2.3162      0.0000      3.2304      1.7548      0.0000      3.5204     -0.8341      0.0000      0.3909    276.3925      0.0000   0.647840E-07   2
   37 KB403A           3.1980      2.3011      0.0000      2.7170      2.0147      0.0000      2.0768      1.6336      0.0000     -1.6181    210.7668      0.0000   0.647840E-07   2
   38 KB403B           3.1944      2.3047      0.0000      2.8231      1.9927      0.0000      1.9102      1.2255      0.0000     -1.4096    220.0429      0.0000   0.721200E-07   2
   39 KB403C           3.1909      2.3083      0.0000      2.9022      1.9696      0.0000      1.8416      0.7253      0.0000     -1.1575    229.5591      0.0000   0.721200E-07   2
   40 KB403D           3.1873      2.3119      0.0000      2.9660      1.9461      0.0000      1.8165      0.0455      0.0000     -0.8810    238.8331      0.0000   0.647840E-07   2
   41 KB404A           3.8278      1.2240      0.0000      3.7347      1.0877      0.0000      2.1757     -1.1958      0.0000      0.1626    235.6776      0.0000   0.351480E-07   2
   42 KB404B           3.8233      1.2263      0.0000      3.7404      1.0808      0.0000      2.3625     -1.3395      0.0000      0.2571    240.3458      0.0000   0.361010E-07   2
   43 KB404C           3.8187      1.2287      0.0000      3.7449      1.0700      0.0000      2.4522     -1.7090      0.0000      0.3507    245.0536      0.0000   0.361010E-07   2
   44 KB404D           3.8142      1.2310      0.0000      3.7501      1.0575      0.0000      2.7433     -1.6675      0.0000      0.4411    249.7216      0.0000   0.351480E-07   2
   45 KB405A           3.9207      1.1092      0.0000      3.8119      0.8676      0.0000      2.6691     -1.6681      0.0000      0.5070    245.7405      0.0000   0.309560E-07   2
   46 KB405B           3.9159      1.1107      0.0000      3.8201      0.8489      0.0000      3.0247     -1.3251      0.0000      0.5816    249.9029      0.0000   0.316200E-07   2
   47 KB405C           3.9111      1.1123      0.0000      3.8275      0.8190      0.0000      3.2506     -1.2055      0.0000      0.6536    254.0953      0.0000   0.316200E-07   2
   48 KB405D           3.9063      1.1139      0.0000      3.8373      0.7822      0.0000      3.4929     -0.8749      0.0000      0.7217    258.2578      0.0000   0.309560E-07   2
   49 KB406A           3.9889      0.9419      0.0000      3.6451      1.2839      0.0000      2.9981      1.9274      0.0000     -1.1525    135.1551      0.0000   0.354500E-07   2
   50 KB406B           3.9920      0.9460      0.0000      3.6873      1.1974      0.0000      2.6962      2.0152      0.0000     -1.1296    140.4711      0.0000   0.366990E-07   2
   51 KB406C           3.9950      0.9500      0.0000      3.7148      1.1403      0.0000      2.4615      1.9915      0.0000     -1.0968    145.8188      0.0000   0.366990E-07   2
   52 KB406D           3.9981      0.9541      0.0000      3.7310      1.1013      0.0000      2.2673      1.9081      0.0000     -1.0546    151.1352      0.0000   0.354500E-07   2
   53 KB407A           4.0892      0.8284      0.0000      3.7822      0.9623      0.0000      2.1093      1.6918      0.0000     -0.9197    156.4402      0.0000   0.789230E-07   2
   54 KB407B           4.0897      0.8335      0.0000      3.8072      0.8931      0.0000      1.9377      1.2874      0.0000     -0.7469    168.0891      0.0000   0.937840E-07   2
   55 KB407C           4.0903      0.8385      0.0000      3.8228      0.8372      0.0000      1.8578      0.8273      0.0000     -0.5331    180.2872      0.0000   0.937840E-07   2
   56 KB407D           4.0908      0.8436      0.0000      3.8315      0.7888      0.0000      1.8112      0.3616      0.0000     -0.3062    191.9394      0.0000   0.789230E-07   2
   57 KB408A           4.1823      0.7234      0.0000      3.8684      0.6258      0.0000      1.8226     -0.0105      0.0000     -0.0532    197.2769      0.0000   0.605030E-07   2
   58 KB408B           4.1798      0.7278      0.0000      3.8749      0.5802      0.0000      1.8811     -0.3848      0.0000      0.1289    205.8275      0.0000   0.662490E-07   2
   59 KB408C           4.1772      0.7322      0.0000      3.8813      0.5283      0.0000      1.9935     -0.7724      0.0000      0.3120    214.5669      0.0000   0.662490E-07   2
   60 KB408D           4.1747      0.7366      0.0000      3.8863      0.4667      0.0000      2.1448     -1.1629      0.0000      0.4838    223.0995      0.0000   0.605030E-07   2
   61 KB409A           4.2825      0.6095      0.0000      3.8882      0.2333      0.0000      2.2710     -1.3094      0.0000      0.6613    223.6495      0.0000   0.403600E-07   2
   62 KB409B           4.2785      0.6126      0.0000      3.8867      0.1587      0.0000      2.4084     -1.5541      0.0000      0.7636    229.2027      0.0000   0.419160E-07   2
   63 KB409C           4.2745      0.6158      0.0000      3.8738      0.0479      0.0000      2.6624     -1.6690      0.0000      0.8593    234.7940      0.0000   0.419160E-07   2
   64 KB409D           4.2705      0.6189      0.0000      3.8403     -0.1366      0.0000      3.2291     -1.2097      0.0000      0.9462    240.3390      0.0000   0.403600E-07   2
   65 KB410A           4.1743     -0.3626      0.0000      3.8912      0.3723      0.0000      3.4087      1.6251      0.0000     -0.8577    111.0650      0.0000   0.348300E-07   2
   66 KB410B           4.1788     -0.3602      0.0000      3.8892      0.2385      0.0000      3.1121      1.8454      0.0000     -0.7738    115.8087      0.0000   0.358030E-07   2
   67 KB410C           4.1832     -0.3578      0.0000      3.8843      0.1480      0.0000      2.7878      2.0031      0.0000     -0.6839    120.5851      0.0000   0.358030E-07   2
   68 KB410D           4.1877     -0.3554      0.0000      3.8784      0.0811      0.0000      2.5165      2.0024      0.0000     -0.5900    125.3283      0.0000   0.348300E-07   2
   69 KB411A           4.0694     -0.4546      0.0000      3.8334     -0.1600      0.0000      2.2110      1.8653      0.0000     -0.3629    128.6981      0.0000   0.676270E-07   2
   70 KB411B           4.0725     -0.4505      0.0000      3.8150     -0.2209      0.0000      1.9858      1.4100      0.0000     -0.1535    138.2795      0.0000   0.758640E-07   2
   71 KB411C           4.0755     -0.4465      0.0000      3.7995     -0.2749      0.0000      1.8675      0.9264      0.0000      0.0660    148.1282      0.0000   0.758640E-07   2
   72 KB411D           4.0786     -0.4424      0.0000      3.7871     -0.3230      0.0000      1.8138      0.4856      0.0000      0.2780    157.7193      0.0000   0.676270E-07   2
   73 KB412A           3.9519     -0.5461      0.0000      3.7229     -0.4830      0.0000      1.8190      0.0422      0.0000      0.5625    164.5785      0.0000   0.672270E-07   2
   74 KB412B           3.9520     -0.5410      0.0000      3.7082     -0.5160      0.0000      1.8729     -0.3274      0.0000      0.7393    174.1336      0.0000   0.753580E-07   2
   75 KB412C           3.9520     -0.5360      0.0000      3.6877     -0.5543      0.0000      1.9615     -0.6740      0.0000      0.8998    183.9658      0.0000   0.753580E-07   2
   76 KB412D           3.9521     -0.5309      0.0000      3.6653     -0.5998      0.0000      2.0695     -0.9834      0.0000      1.0304    193.5169      0.0000   0.672270E-07   2
   77 KB413A           3.8373     -0.6349      0.0000      3.6103     -0.7048      0.0000      2.1434     -1.1569      0.0000      1.1400    197.1274      0.0000   0.405760E-07   2
   78 KB413B           3.8351     -0.6303      0.0000      3.5905     -0.7323      0.0000      2.2567     -1.2882      0.0000      1.1800    202.6291      0.0000   0.421140E-07   2
   79 KB413C           3.8329     -0.6257      0.0000      3.5707     -0.7662      0.0000      2.4026     -1.3917      0.0000      1.2093    208.1727      0.0000   0.421140E-07   2
   80 KB413D           3.8307     -0.6211      0.0000      3.5353     -0.8180      0.0000      2.4113     -1.5669      0.0000      1.2272    213.6751      0.0000   0.405760E-07   2
   81 KB414A           3.7114     -0.7550      0.0000      3.7722     -0.3647      0.0000      3.8911      0.3986      0.0000     -0.8653     81.1443      0.0000   0.446880E-07   2
   82 KB414B           3.7165     -0.7550      0.0000      3.7304     -0.4704      0.0000      3.7986      0.9205      0.0000     -0.7672     87.1941      0.0000   0.467470E-07   2
   83 KB414C           3.7215     -0.7550      0.0000      3.7080     -0.5204      0.0000      3.5928      1.4688      0.0000     -0.6594     93.3120      0.0000   0.467470E-07   2
   84 KB414D           3.7266     -0.7550      0.0000      3.6929     -0.5502      0.0000      3.3245      1.6846      0.0000     -0.5454     99.3606      0.0000   0.446880E-07   2
   85 KB5V01A          3.2311      2.3932      0.0000      3.5484      1.5074      0.0000      3.8678      0.6155      0.0000      0.9234    289.7040      0.0000   0.615668E-07   2
   86 KB5V01B          3.2261      2.3925      0.0000      3.4198      1.6231      0.0000      3.8498     -0.0844      0.0000      0.7302    284.1330      0.0000   0.484012E-07   2
   87 KB5V01C          3.2211      2.3918      0.0000      3.3276      1.6921      0.0000      3.6743     -0.5862      0.0000      0.5333    278.6540      0.0000   0.483687E-07   2
   88 KB5V01D          3.2161      2.3911      0.0000      3.2522      1.7447      0.0000      3.4045     -0.9812      0.0000      0.3324    273.1990      0.0000   0.467045E-07   2
   89 KB5V02A          3.2101      2.3902      0.0000      3.1933      1.7857      0.0000      3.1083     -1.2676      0.0000      0.1519    268.4060      0.0000   0.345285E-07   2
   90 KB5V02B          3.2051      2.3895      0.0000      3.1520      1.8145      0.0000      2.8267     -1.7095      0.0000      0.0122    264.7260      0.0000   0.239133E-07   2
   91 KB5V02C          3.2001      2.3888      0.0000      3.1201      1.8374      0.0000      2.6176     -1.6264      0.0000     -0.1019    261.7460      0.0000   0.234426E-07   2
   92 KB5V02D          3.1950      2.3881      0.0000      3.0899      1.8591      0.0000      2.4103     -1.5618      0.0000     -0.2156    258.7630      0.0000   0.229296E-07   2
   93 KB5V03A          3.1809      2.3880      0.0000      3.1417      1.8218      0.0000      2.9211     -1.3710      0.0000      0.0365    266.0470      0.0000   0.100381E-07   2
   94 KB5V03B          3.1758      2.3887      0.0000      3.1270      1.8324      0.0000      2.8158     -1.7086      0.0000     -0.0077    264.9780      0.0000   0.106444E-07   2
   95 KB5V03C          3.1708      2.3894      0.0000      3.1119      1.8432      0.0000      2.7340     -1.6615      0.0000     -0.0542    263.8450      0.0000   0.100351E-07   2
   96 KB5V03D          3.1658      2.3901      0.0000      3.0976      1.8535      0.0000      2.6539     -1.6373      0.0000     -0.0991    262.7570      0.0000   0.101474E-07   2
   97 KB5V04A          3.1599      2.3908      0.0000      3.0831      1.8639      0.0000      2.5760     -1.6138      0.0000     -0.1434    261.7040      0.0000   0.101552E-07   2
   98 KB5V04B          3.1549      2.3915      0.0000      3.0694      1.8738      0.0000      2.4774     -1.7103      0.0000     -0.1880    260.6210      0.0000   0.999120E-08   2
   99 KB5V04C          3.1499      2.3922      0.0000      3.0558      1.8836      0.0000      2.4150     -1.5793      0.0000     -0.2333    259.5170      0.0000   0.103578E-07   2
  100 KB5V04D          3.1448      2.3929      0.0000      3.0430      1.8928      0.0000      2.3806     -1.3582      0.0000     -0.2759    258.4850      0.0000   0.981484E-08   2
  101 KB5V05A          3.1290      2.3982      0.0000      3.0039      1.9209      0.0000      2.1841     -1.2064      0.0000     -0.4073    255.3110      0.0000   0.300301E-07   2
  102 KB5V05B          3.1246      2.4007      0.0000      2.9684      1.9441      0.0000      2.0235     -0.8194      0.0000     -0.5618    251.1230      0.0000   0.365520E-07   2
  103 KB5V05C          3.1201      2.4031      0.0000      2.9275      1.9597      0.0000      1.8902     -0.4292      0.0000     -0.7275    246.5280      0.0000   0.370868E-07   2
  104 KB5V05D          3.1156      2.4055      0.0000      2.8867      1.9753      0.0000      1.8212     -0.0268      0.0000     -0.8871    241.9790      0.0000   0.418292E-07   2
  105 KB5V06A          3.1104      2.4084      0.0000      2.8420      1.9883      0.0000      1.8070      0.3684      0.0000     -1.0421    237.4230      0.0000   0.512869E-07   2
  106 KB5V06B          3.1060      2.4108      0.0000      2.7960      2.0015      0.0000      1.8405      0.7395      0.0000     -1.1897    232.8670      0.0000   0.600174E-07   2
  107 KB5V06C          3.1015      2.4132      0.0000      2.7426      2.0101      0.0000      1.8816      1.0431      0.0000     -1.3294    228.3200      0.0000   0.682730E-07   2
  108 KB5V06D          3.0971      2.4157      0.0000      2.6819      2.0178      0.0000      1.9478      1.3144      0.0000     -1.4604    223.7790      0.0000   0.760144E-07   2
  109 KB5V07A          3.1814      2.3880      0.0000      3.4506      1.5955      0.0000      3.8903      0.3007      0.0000      0.8433    288.7600      0.0000   0.672606E-07   2
  110 KB5V07B          3.1763      2.3887      0.0000      3.2952      1.7147      0.0000      3.6940     -0.5458      0.0000      0.5365    280.0050      0.0000   0.692535E-07   2
  111 KB5V07C          3.1713      2.3894      0.0000      3.1838      1.7923      0.0000      3.2456     -1.1539      0.0000      0.2151    271.2020      0.0000   0.716996E-07   2
  112 KB5V07D          3.1663      2.3901      0.0000      3.0953      1.8552      0.0000      2.6327     -1.6309      0.0000     -0.1101    262.4410      0.0000   0.750217E-07   2
  113 KB5V08A          3.1605      2.3909      0.0000      3.0161      1.9121      0.0000      2.1213     -1.0549      0.0000     -0.4500    253.2180      0.0000   0.795187E-07   2
  114 KB5V08B          3.1555      2.3916      0.0000      2.9351      1.9568      0.0000      1.8437     -0.1965      0.0000     -0.8069    243.1210      0.0000   0.792650E-07   2
  115 KB5V08C          3.1504      2.3922      0.0000      2.8449      1.9875      0.0000      1.8278      0.6404      0.0000     -1.1406    232.9480      0.0000   0.791635E-07   2
  116 KB5V08D          3.1454      2.3929      0.0000      2.7264      2.0121      0.0000      1.9421      1.2995      0.0000     -1.4512    222.2610      0.0000   0.802508E-07   2
  117 KB5H01A          5.0301      0.4052      0.0000      3.5537     -0.7886      0.0000      2.3929     -1.7272      0.0000      1.1946    218.9590      0.0000   0.894378E-08   2
  118 KB5H02A          5.0326      0.4025      0.0000      3.6198     -0.6856      0.0000      2.4205     -1.6093      0.0000      1.1591    217.6030      0.0000   0.920503E-08   2
  119 KB5H01B          5.0330      0.4011      0.0000      3.6645     -0.6048      0.0000      2.4024     -1.5325      0.0000      1.1226    216.3170      0.0000   0.937226E-08   2
  120 KB5H02B          5.0355      0.3983      0.0000      3.6985     -0.5363      0.0000      2.4129     -1.4351      0.0000      1.0857    214.9560      0.0000   0.959751E-08   2
  121 KB5H01C          5.0358      0.3969      0.0000      3.7260     -0.4758      0.0000      2.3884     -1.3671      0.0000      1.0482    213.6760      0.0000   0.970187E-08   2
  122 KB5H02C          5.0384      0.3941      0.0000      3.7493     -0.4208      0.0000      2.3041     -1.3344      0.0000      1.0097    212.3000      0.0000   0.984836E-08   2
  123 KB5H01D          5.0387      0.3927      0.0000      3.7675     -0.3720      0.0000      2.2458     -1.2875      0.0000      0.9715    211.0310      0.0000   0.990060E-08   2
  124 KB5H02D          5.0412      0.3899      0.0000      3.7841     -0.3259      0.0000      2.1943     -1.2311      0.0000      0.9318    209.6560      0.0000   0.100017E-07   2
  125 KB5H03A          5.0480      0.3633      0.0000      3.8090     -0.2474      0.0000      2.1298     -1.0753      0.0000      0.8487    206.2420      0.0000   0.217596E-07   2
  126 KB5H03B          5.0497      0.3586      0.0000      3.8427     -0.1170      0.0000      2.0286     -0.8316      0.0000      0.6968    201.5030      0.0000   0.231629E-07   2
  127 KB5H03C          5.0513      0.3538      0.0000      3.8648     -0.0028      0.0000      1.9325     -0.5836      0.0000      0.5389    196.7280      0.0000   0.237982E-07   2
  128 KB5H03D          5.0530      0.3490      0.0000      3.8785      0.0993      0.0000      1.8676     -0.3282      0.0000      0.3790    192.0010      0.0000   0.236387E-07   2
  129 KB5H04A          5.0540      0.3433      0.0000      3.8873      0.2074      0.0000      1.8220     -0.0333      0.0000      0.1947    186.6470      0.0000   0.240313E-07   2
  130 KB5H04B          5.0540      0.3383      0.0000      3.8903      0.2996      0.0000      1.8063      0.2302      0.0000      0.0300    181.9050      0.0000   0.248393E-07   2
  131 KB5H04C          5.0539      0.3332      0.0000      3.8891      0.3913      0.0000      1.8135      0.4950      0.0000     -0.1356    177.1420      0.0000   0.248109E-07   2
  132 KB5H04D          5.0539      0.3281      0.0000      3.8835      0.4840      0.0000      1.8427      0.7559      0.0000     -0.2991    172.4120      0.0000   0.239695E-07   2
  133 KB5H05A          5.0529      0.3227      0.0000      3.8718      0.5897      0.0000      1.8812      1.0398      0.0000     -0.4748    167.2600      0.0000   0.236126E-07   2
  134 KB5H05B          5.0512      0.3179      0.0000      3.8541      0.6950      0.0000      1.9414      1.2977      0.0000     -0.6334    162.5120      0.0000   0.237295E-07   2
  135 KB5H05C          5.0495      0.3131      0.0000      3.8278      0.8125      0.0000      2.0362      1.5449      0.0000     -0.7876    157.7660      0.0000   0.230339E-07   2
  136 KB5H05D          5.0478      0.3083      0.0000      3.7872      0.9494      0.0000      2.1493      1.7824      0.0000     -0.9357    153.0440      0.0000   0.215983E-07   2
  137 KB5H06A          5.0404      0.2801      0.0000      3.7575      1.0320      0.0000      2.2663      1.9060      0.0000     -1.0146    149.6250      0.0000   0.191953E-07   2
  138 KB5H06B          5.0375      0.2759      0.0000      3.7147      1.1353      0.0000      2.4163      1.9787      0.0000     -1.0898    146.9920      0.0000   0.188651E-07   2
  139 KB5H06C          5.0347      0.2717      0.0000      3.6507      1.2648      0.0000      2.6031      2.0164      0.0000     -1.1632    144.3400      0.0000   0.183140E-07   2
  140 KB5H06D          5.0318      0.2676      0.0000      3.6406      1.3661      0.0000      2.8588      1.9835      0.0000     -1.2337    141.7020      0.0000   0.175371E-07   2
  141 VV               2.0100     -0.7869      0.0000      2.0100     -0.7869      0.0000      2.0811     -0.9579      0.0000     -1.3315    292.5827      0.0000    0.00000       0
  142 VV               2.0811     -0.9579      0.0000      2.0811     -0.9579      0.0000      2.1390     -1.0975      0.0000     -1.3303    292.4985      0.0000    0.00000       0
  143 VV               2.1390     -1.0975      0.0000      2.1390     -1.0975      0.0000      2.1996     -1.2439      0.0000     -1.3301    292.4908      0.0000    0.00000       0
  144 VV               2.1996     -1.2439      0.0000      2.1996     -1.2439      0.0000      2.2954     -1.3344      0.0000     -1.6720    316.6348      0.0000    0.00000       0
  145 VV               2.2954     -1.3344      0.0000      2.2954     -1.3344      0.0000      2.3599     -1.3344      0.0000      1.6344      0.0000      0.0000    0.00000       0
  146 VV               2.3599     -1.3344      0.0000      2.3599     -1.3344      0.0000      2.4048     -1.3859      0.0000     -1.5567    311.0967      0.0000    0.00000       0
  147 VV               2.4048     -1.3859      0.0000      2.4048     -1.3859      0.0000      2.4129     -1.4289      0.0000     -0.8972    280.6767      0.0000    0.00000       0
  148 VV               2.4129     -1.4289      0.0000      2.4129     -1.4289      0.0000      2.4126     -1.4745      0.0000     -0.5742    269.5721      0.0000    0.00000       0
  149 VV               2.4126     -1.4745      0.0000      2.4126     -1.4745      0.0000      2.4076     -1.5044      0.0000     -0.2903    260.6183      0.0000    0.00000       0
  150 VV               2.4076     -1.5044      0.0000      2.4076     -1.5044      0.0000      2.3980     -1.5164      0.0000      0.6655    231.3111      0.0000    0.00000       0
  151 VV               2.3980     -1.5164      0.0000      2.3980     -1.5164      0.0000      2.4211     -1.6017      0.0000     -1.0551    285.1243      0.0000    0.00000       0
  152 VV               2.4211     -1.6017      0.0000      2.4211     -1.6017      0.0000      2.4177     -1.6494      0.0000     -0.4450    266.0049      0.0000    0.00000       0
  153 VV               2.4177     -1.6494      0.0000      2.4177     -1.6494      0.0000      2.4057     -1.6897      0.0000     -0.0013    253.4052      0.0000    0.00000       0
  154 VV               2.4057     -1.6897      0.0000      2.4057     -1.6897      0.0000      2.3684     -1.6897      0.0000      1.9897    180.0000      0.0000    0.00000       0
  155 VV               2.3684     -1.6897      0.0000      2.3684     -1.6897      0.0000      2.3150     -1.7387      0.0000      1.0390    222.5391      0.0000    0.00000       0
  156 VV               2.3150     -1.7387      0.0000      2.3150     -1.7387      0.0000      2.3643     -1.7379      0.0000     -2.0276      0.9061      0.0000    0.00000       0
  157 VV               2.3643     -1.7379      0.0000      2.3643     -1.7379      0.0000      2.4367     -1.7108      0.0000     -1.6843     20.5829      0.0000    0.00000       0
  158 VV               2.4367     -1.7108      0.0000      2.4367     -1.7108      0.0000      2.5237     -1.7098      0.0000     -2.0047      0.6056      0.0000    0.00000       0
  159 VV               2.5237     -1.7098      0.0000      2.5237     -1.7098      0.0000      2.5758     -1.6138      0.0000     -0.5394     61.5281      0.0000    0.00000       0
  160 VV               2.5758     -1.6138      0.0000      2.5758     -1.6138      0.0000      2.8142     -1.6857      0.0000     -1.9548    343.2243      0.0000    0.00000       0
  161 VV               2.8142     -1.6857      0.0000      2.8142     -1.6857      0.0000      2.8142     -1.7085      0.0000     -0.1858    270.0000      0.0000    0.00000       0
  162 VV               2.8142     -1.7085      0.0000      2.8142     -1.7085      0.0000      2.8702     -1.7131      0.0000     -2.0169    355.2304      0.0000    0.00000       0
  163 VV               2.8702     -1.7131      0.0000      2.8702     -1.7131      0.0000      2.9465     -1.7448      0.0000     -1.9093    337.4799      0.0000    0.00000       0
  164 VV               2.9465     -1.7448      0.0000      2.9465     -1.7448      0.0000      2.9870     -1.7460      0.0000     -2.0455    358.3174      0.0000    0.00000       0
  165 VV               2.9870     -1.7460      0.0000      2.9870     -1.7460      0.0000      2.9350     -1.6823      0.0000      1.3040    129.2285      0.0000    0.00000       0
  166 VV               2.9350     -1.6823      0.0000      2.9350     -1.6823      0.0000      2.8977     -1.6823      0.0000      1.9823    180.0000      0.0000    0.00000       0
  167 VV               2.8977     -1.6823      0.0000      2.8977     -1.6823      0.0000      2.8812     -1.6195      0.0000      0.6008    104.6628      0.0000    0.00000       0
  168 VV               2.8812     -1.6195      0.0000      2.8812     -1.6195      0.0000      2.8839     -1.5817      0.0000     -0.0179     85.9252      0.0000    0.00000       0
  169 VV               2.8839     -1.5817      0.0000      2.8839     -1.5817      0.0000      2.9005     -1.5104      0.0000     -0.3120     76.9455      0.0000    0.00000       0
  170 VV               2.9005     -1.5104      0.0000      2.9005     -1.5104      0.0000      2.8905     -1.4984      0.0000      1.2329    129.6927      0.0000    0.00000       0
  171 VV               2.8905     -1.4984      0.0000      2.8905     -1.4984      0.0000      2.8859     -1.4757      0.0000      0.4635    101.4217      0.0000    0.00000       0
  172 VV               2.8859     -1.4757      0.0000      2.8859     -1.4757      0.0000      2.8875     -1.4230      0.0000      0.0595     88.2396      0.0000    0.00000       0
  173 VV               2.8875     -1.4230      0.0000      2.8875     -1.4230      0.0000      2.9066     -1.3834      0.0000     -0.6451     64.3257      0.0000    0.00000       0
  174 VV               2.9066     -1.3834      0.0000      2.9066     -1.3834      0.0000      2.9635     -1.3348      0.0000     -1.2197     40.4825      0.0000    0.00000       0
  175 VV               2.9635     -1.3348      0.0000      2.9635     -1.3348      0.0000      3.0110     -1.3348      0.0000      1.6348      0.0000      0.0000    0.00000       0
  176 VV               3.0110     -1.3348      0.0000      3.0110     -1.3348      0.0000      3.0601     -1.2978      0.0000     -1.3117     37.0301      0.0000    0.00000       0
  177 VV               3.0601     -1.2978      0.0000      3.0601     -1.2978      0.0000      3.1940     -1.2140      0.0000     -1.3868     32.0012      0.0000    0.00000       0
  178 VV               3.1940     -1.2140      0.0000      3.1940     -1.2140      0.0000      3.3094     -1.0796      0.0000     -1.1329     49.3833      0.0000    0.00000       0
  179 VV               3.3094     -1.0796      0.0000      3.3094     -1.0796      0.0000      3.3591     -1.0312      0.0000     -1.2044     44.2230      0.0000    0.00000       0
  180 VV               3.3591     -1.0312      0.0000      3.3591     -1.0312      0.0000      3.4073     -0.9782      0.0000     -1.1614     47.7091      0.0000    0.00000       0
  181 VV               3.4073     -0.9782      0.0000      3.4073     -0.9782      0.0000      3.4795     -0.8909      0.0000     -1.1286     50.3998      0.0000    0.00000       0
  182 VV               3.4795     -0.8909      0.0000      3.4795     -0.8909      0.0000      3.5304     -0.8227      0.0000     -1.0967     53.2566      0.0000    0.00000       0
  183 VV               3.5304     -0.8227      0.0000      3.5304     -0.8227      0.0000      3.5782     -0.7527      0.0000     -1.0709     55.6964      0.0000    0.00000       0
  184 VV               3.5782     -0.7527      0.0000      3.5782     -0.7527      0.0000      3.6271     -0.6740      0.0000     -1.0466     58.1494      0.0000    0.00000       0
  185 VV               3.6271     -0.6740      0.0000      3.6271     -0.6740      0.0000      3.6405     -0.6502      0.0000     -1.0260     60.4345      0.0000    0.00000       0
  186 VV               3.6405     -0.6502      0.0000      3.6405     -0.6502      0.0000      3.6800     -0.5754      0.0000     -1.0098     62.1935      0.0000    0.00000       0
  187 VV               3.6800     -0.5754      0.0000      3.6800     -0.5754      0.0000      3.7165     -0.4985      0.0000     -0.9894     64.6394      0.0000    0.00000       0
  188 VV               3.7165     -0.4985      0.0000      3.7165     -0.4985      0.0000      3.7494     -0.4205      0.0000     -0.9709     67.0823      0.0000    0.00000       0
  189 VV               3.7494     -0.4205      0.0000      3.7494     -0.4205      0.0000      3.7792     -0.3408      0.0000     -0.9542     69.5165      0.0000    0.00000       0
  190 VV               3.7792     -0.3408      0.0000      3.7792     -0.3408      0.0000      3.8054     -0.2603      0.0000     -0.9394     71.9590      0.0000    0.00000       0
  191 VV               3.8054     -0.2603      0.0000      3.8054     -0.2603      0.0000      3.8283     -0.1784      0.0000     -0.9265     74.3959      0.0000    0.00000       0
  192 VV               3.8283     -0.1784      0.0000      3.8283     -0.1784      0.0000      3.8476     -0.0959      0.0000     -0.9155     76.8339      0.0000    0.00000       0
  193 VV               3.8476     -0.0959      0.0000      3.8476     -0.0959      0.0000      3.8634     -0.0123      0.0000     -0.9065     79.2790      0.0000    0.00000       0
  194 VV               3.8634     -0.0123      0.0000      3.8634     -0.0123      0.0000      3.8756      0.0714      0.0000     -0.8994     81.7119      0.0000    0.00000       0
  195 VV               3.8756      0.0714      0.0000      3.8756      0.0714      0.0000      3.8843      0.1561      0.0000     -0.8943     84.1594      0.0000    0.00000       0
  196 VV               3.8843      0.1561      0.0000      3.8843      0.1561      0.0000      3.8893      0.2406      0.0000     -0.8913     86.5930      0.0000    0.00000       0
  197 VV               3.8893      0.2406      0.0000      3.8893      0.2406      0.0000      3.8908      0.3257      0.0000     -0.8902     89.0305      0.0000    0.00000       0
  198 VV               3.8908      0.3257      0.0000      3.8908      0.3257      0.0000      3.8886      0.4103      0.0000     -0.8911     91.4761      0.0000    0.00000       0
  199 VV               3.8886      0.4103      0.0000      3.8886      0.4103      0.0000      3.8828      0.4951      0.0000     -0.8940     93.9148      0.0000    0.00000       0
  200 VV               3.8828      0.4951      0.0000      3.8828      0.4951      0.0000      3.8734      0.5793      0.0000     -0.8989     96.3492      0.0000    0.00000       0
  201 VV               3.8734      0.5793      0.0000      3.8734      0.5793      0.0000      3.8604      0.6634      0.0000     -0.9058     98.7938      0.0000    0.00000       0
  202 VV               3.8604      0.6634      0.0000      3.8604      0.6634      0.0000      3.8439      0.7464      0.0000     -0.9147    101.2289      0.0000    0.00000       0
  203 VV               3.8439      0.7464      0.0000      3.8439      0.7464      0.0000      3.8238      0.8291      0.0000     -0.9255    103.6688      0.0000    0.00000       0
  204 VV               3.8238      0.8291      0.0000      3.8238      0.8291      0.0000      3.8003      0.9104      0.0000     -0.9383    106.1118      0.0000    0.00000       0
  205 VV               3.8003      0.9104      0.0000      3.8003      0.9104      0.0000      3.7732      0.9911      0.0000     -0.9529    108.5478      0.0000    0.00000       0
  206 VV               3.7732      0.9911      0.0000      3.7732      0.9911      0.0000      3.7429      1.0701      0.0000     -0.9695    110.9942      0.0000    0.00000       0
  207 VV               3.7429      1.0701      0.0000      3.7429      1.0701      0.0000      3.7091      1.1482      0.0000     -0.9879    113.4293      0.0000    0.00000       0
  208 VV               3.7091      1.1482      0.0000      3.7091      1.1482      0.0000      3.6722      1.2243      0.0000     -1.0081    115.8688      0.0000    0.00000       0
  209 VV               3.6722      1.2243      0.0000      3.6722      1.2243      0.0000      3.6409      1.2832      0.0000     -1.0271    117.9581      0.0000    0.00000       0
  210 VV               3.6409      1.2832      0.0000      3.6409      1.2832      0.0000      3.6404      1.4245      0.0000     -0.6445     90.2067      0.0000    0.00000       0
  211 VV               3.6404      1.4245      0.0000      3.6404      1.4245      0.0000      3.5620      1.4951      0.0000     -1.2642    137.9970      0.0000    0.00000       0
  212 VV               3.5620      1.4951      0.0000      3.5620      1.4951      0.0000      3.4771      1.5715      0.0000     -1.2642    137.9979      0.0000    0.00000       0
  213 VV               3.4771      1.5715      0.0000      3.4771      1.5715      0.0000      3.3978      1.6430      0.0000     -1.2642    137.9992      0.0000    0.00000       0
  214 VV               3.3978      1.6430      0.0000      3.3978      1.6430      0.0000      3.3001      1.7113      0.0000     -1.3284    145.0178      0.0000    0.00000       0
  215 VV               3.3001      1.7113      0.0000      3.3001      1.7113      0.0000      3.1494      1.8163      0.0000     -1.3296    145.1429      0.0000    0.00000       0
  216 VV               3.1494      1.8163      0.0000      3.1494      1.8163      0.0000      2.9753      1.9414      0.0000     -1.3184    144.2921      0.0000    0.00000       0
  217 VV               2.9753      1.9414      0.0000      2.9753      1.9414      0.0000      2.8835      1.9765      0.0000     -1.5248    159.1149      0.0000    0.00000       0
  218 VV               2.8835      1.9765      0.0000      2.8835      1.9765      0.0000      2.7847      2.0047      0.0000     -1.5799    164.0531      0.0000    0.00000       0
  219 VV               2.7847      2.0047      0.0000      2.7847      2.0047      0.0000      2.6778      2.0183      0.0000     -1.6638    172.7325      0.0000    0.00000       0
  220 VV               2.6778      2.0183      0.0000      2.6778      2.0183      0.0000      2.5751      2.0157      0.0000     -1.7260    181.4668      0.0000    0.00000       0
  221 VV               2.5751      2.0157      0.0000      2.5751      2.0157      0.0000      2.4788      1.9991      0.0000     -1.7629    189.7794      0.0000    0.00000       0
  222 VV               2.4788      1.9991      0.0000      2.4788      1.9991      0.0000      2.3811      1.9672      0.0000     -1.7770    198.0804      0.0000    0.00000       0
  223 VV               2.3811      1.9672      0.0000      2.3811      1.9672      0.0000      2.2434      1.8938      0.0000     -1.7624    208.0569      0.0000    0.00000       0
  224 VV               2.2434      1.8938      0.0000      2.2434      1.8938      0.0000      2.2060      1.8715      0.0000     -1.7563    210.8464      0.0000    0.00000       0
  225 VV               2.2060      1.8715      0.0000      2.2060      1.8715      0.0000      2.1781      1.8392      0.0000     -1.6274    229.2441      0.0000    0.00000       0
  226 VV               2.1781      1.8392      0.0000      2.1781      1.8392      0.0000      2.1192      1.7231      0.0000     -1.4298    243.0689      0.0000    0.00000       0
  227 VV               2.1192      1.7231      0.0000      2.1192      1.7231      0.0000      2.0584      1.6028      0.0000     -1.4279    243.1953      0.0000    0.00000       0
  228 VV               2.0584      1.6028      0.0000      2.0584      1.6028      0.0000      1.9974      1.4440      0.0000     -1.3460    248.9934      0.0000    0.00000       0
  229 VV               1.9974      1.4440      0.0000      1.9974      1.4440      0.0000      1.9382      1.2894      0.0000     -1.3453    249.0564      0.0000    0.00000       0
  230 VV               1.9382      1.2894      0.0000      1.9382      1.2894      0.0000      1.9160      1.2316      0.0000     -1.3461    248.9685      0.0000    0.00000       0
  231 VV               1.9160      1.2316      0.0000      1.9160      1.2316      0.0000      1.9041      1.1713      0.0000     -1.2445    258.7796      0.0000    0.00000       0
  232 VV               1.9041      1.1713      0.0000      1.9041      1.1713      0.0000      1.8861      1.0729      0.0000     -1.2348    259.6383      0.0000    0.00000       0
  233 VV               1.8861      1.0729      0.0000      1.8861      1.0729      0.0000      1.8714      0.9737      0.0000     -1.2152    261.5667      0.0000    0.00000       0
  234 VV               1.8714      0.9737      0.0000      1.8714      0.9737      0.0000      1.8583      0.8744      0.0000     -1.2070    262.4927      0.0000    0.00000       0
  235 VV               1.8583      0.8744      0.0000      1.8583      0.8744      0.0000      1.8452      0.7750      0.0000     -1.2070    262.4922      0.0000    0.00000       0
  236 VV               1.8452      0.7750      0.0000      1.8452      0.7750      0.0000      1.8321      0.6756      0.0000     -1.2070    262.4892      0.0000    0.00000       0
  237 VV               1.8321      0.6756      0.0000      1.8321      0.6756      0.0000      1.8201      0.5759      0.0000     -1.2043    263.1708      0.0000    0.00000       0
  238 VV               1.8201      0.5759      0.0000      1.8201      0.5759      0.0000      1.8120      0.4764      0.0000     -1.1985    265.3040      0.0000    0.00000       0
  239 VV               1.8120      0.4764      0.0000      1.8120      0.4764      0.0000      1.8071      0.3766      0.0000     -1.1952    267.2063      0.0000    0.00000       0
  240 VV               1.8071      0.3766      0.0000      1.8071      0.3766      0.0000      1.8055      0.2767      0.0000     -1.1940    269.0996      0.0000    0.00000       0
  241 VV               1.8055      0.2767      0.0000      1.8055      0.2767      0.0000      1.8073      0.1768      0.0000     -1.1947    271.0036      0.0000    0.00000       0
  242 VV               1.8073      0.1768      0.0000      1.8073      0.1768      0.0000      1.8123      0.0770      0.0000     -1.1975    272.9088      0.0000    0.00000       0
  243 VV               1.8123      0.0770      0.0000      1.8123      0.0770      0.0000      1.8207     -0.0226      0.0000     -1.2022    274.7994      0.0000    0.00000       0
  244 VV               1.8207     -0.0226      0.0000      1.8207     -0.0226      0.0000      1.8324     -0.1218      0.0000     -1.2089    276.7075      0.0000    0.00000       0
  245 VV               1.8324     -0.1218      0.0000      1.8324     -0.1218      0.0000      1.8473     -0.2206      0.0000     -1.2176    278.5997      0.0000    0.00000       0
  246 VV               1.8473     -0.2206      0.0000      1.8473     -0.2206      0.0000      1.8655     -0.3189      0.0000     -1.2283    280.5069      0.0000    0.00000       0
  247 VV               1.8655     -0.3189      0.0000      1.8655     -0.3189      0.0000      1.8870     -0.4164      0.0000     -1.2409    282.4032      0.0000    0.00000       0
  248 VV               1.8870     -0.4164      0.0000      1.8870     -0.4164      0.0000      1.9117     -0.5133      0.0000     -1.2555    284.3005      0.0000    0.00000       0
  249 VV               1.9117     -0.5133      0.0000      1.9117     -0.5133      0.0000      1.9540     -0.6559      0.0000     -1.2747    286.5189      0.0000    0.00000       0
  250 VV               1.9540     -0.6559      0.0000      1.9540     -0.6559      0.0000      2.0100     -0.7869      0.0000     -1.3378    293.1690      0.0000    0.00000       0
