1.5886 1.5820 1.5557
1.5985 1.5919 1.5566
1.6077 1.5987 1.5470
1.6213 1.6092 1.5376
1.6252 1.6114 1.5296
1.6377 1.6209 1.5217
1.6591 1.6376 1.5132
2.2813 2.1619 1.5049
2.2990 2.1660 1.4922
2.2398 2.0907 1.4765
2.1227 1.9753 1.4667
2.0589 1.9069 1.4516
2.0070 1.8505 1.4420
1.9050 1.7422 1.4326
1.8986 1.7286 1.4233
1.8927 1.7206 1.4114
1.7290 1.5557 1.3933
1.6466 1.4719 1.3844
1.4279 1.2600 1.3635
1.1906 1.0588 1.3449
1.1134 1.0057 1.3318
1.2858 1.2781 1.3131
1.2783 1.2716 1.3014
1.2665 1.2615 1.2885
1.2534 1.2485 1.2800
1.2429 1.2369 1.2785
