1.9990 2.3056
1.4910 2.3056
1.4610 2.3056
1.4060 2.3056
1.3480 2.3056
1.2430 2.3056
1.2760 2.3056
1.2870 2.3056
1.2810 2.3056
1.2680 2.3056
1.2410 2.3107
1.2020 2.3107
1.1610 2.3107
1.1310 2.3107
1.1120 2.3107
1.0950 2.3107
1.0780 2.3107
1.0670 2.3107
1.0580 2.3107
1.0520 2.3107
1.0480 2.3107
1.0460 2.3107
1.0470 2.3107
1.0500 2.3107
1.0560 2.3107
1.0640 2.3107
1.0770 2.3107
1.0960 2.3107
1.1150 2.3107
1.1370 2.3107
1.1600 2.3107
1.1880 2.3107
1.2250 2.3107
1.2740 2.3107
1.3230 2.2987
1.3640 2.2987
1.4090 2.2987
1.4530 2.2987
1.5760 2.2987
1.6430 2.2987
1.7050 2.2987
1.7750 2.2987
1.9020 2.2987
1.9860 2.2987
2.0490 2.2987
