6.2623e-01 4.1861e-01
6.2613e-01 3.4113e-01
6.2601e-01 -3.0291e-01
6.2621e-01 -4.3609e-01
6.2676e-01 -4.5399e-01
6.2879e-01 -4.7197e-01
6.3236e-01 -4.8988e-01
6.3811e-01 -5.0723e-01
6.4667e-01 -5.2330e-01
6.5709e-01 -5.3824e-01
6.6841e-01 -5.5248e-01
6.8085e-01 -5.6571e-01
6.9440e-01 -5.7774e-01
7.0881e-01 -5.8863e-01
7.2392e-01 -5.9837e-01
7.3964e-01 -6.0688e-01
7.5588e-01 -6.1412e-01
7.7249e-01 -6.2013e-01
7.8938e-01 -6.2485e-01
8.0644e-01 -6.2829e-01
8.2357e-01 -6.3039e-01
8.4066e-01 -6.3123e-01
8.5760e-01 -6.3081e-01
8.7428e-01 -6.2921e-01
8.9063e-01 -6.2644e-01
9.0657e-01 -6.2262e-01
9.2201e-01 -6.1781e-01
9.3693e-01 -6.1214e-01
9.5128e-01 -6.0567e-01
9.6503e-01 -5.9847e-01
9.7818e-01 -5.9063e-01
9.9073e-01 -5.8224e-01
1.0027e+00 -5.7334e-01
1.0141e+00 -5.6399e-01
1.0249e+00 -5.5426e-01
1.0351e+00 -5.4415e-01
1.0449e+00 -5.3369e-01
1.0541e+00 -5.2289e-01
1.0628e+00 -5.1178e-01
1.0710e+00 -5.0037e-01
1.0788e+00 -4.8865e-01
1.0859e+00 -4.7658e-01
1.0926e+00 -4.6416e-01
1.0987e+00 -4.5144e-01
1.1045e+00 -4.3844e-01
1.1100e+00 -4.2516e-01
1.1151e+00 -4.1151e-01
1.1194e+00 -3.9744e-01
1.1228e+00 -3.8300e-01
1.1253e+00 -3.6821e-01
1.1272e+00 -3.5312e-01
1.1284e+00 -3.3774e-01
1.1291e+00 -3.2204e-01
1.1351e+00 3.3109e-01
1.1353e+00 3.7335e-01
1.1353e+00 3.8732e-01
1.1346e+00 4.0118e-01
1.1333e+00 4.1494e-01
1.1315e+00 4.2860e-01
1.1292e+00 4.4218e-01
1.1263e+00 4.5565e-01
1.1226e+00 4.6899e-01
1.1180e+00 4.8204e-01
1.1125e+00 4.9476e-01
1.1065e+00 5.0730e-01
1.1003e+00 5.1988e-01
1.0939e+00 5.3254e-01
1.0870e+00 5.4526e-01
1.0796e+00 5.5799e-01
1.0715e+00 5.7073e-01
1.0629e+00 5.8358e-01
1.0536e+00 5.9658e-01
1.0436e+00 6.0973e-01
1.0328e+00 6.2297e-01
1.0211e+00 6.3629e-01
1.0084e+00 6.4961e-01
9.9457e-01 6.6283e-01
9.7954e-01 6.7582e-01
9.6321e-01 6.8822e-01
9.4557e-01 6.9973e-01
9.2666e-01 7.1035e-01
9.0650e-01 7.2005e-01
8.8523e-01 7.2766e-01
8.6316e-01 7.3254e-01
8.4055e-01 7.3502e-01
8.1760e-01 7.3534e-01
7.9456e-01 7.3339e-01
7.7183e-01 7.2883e-01
7.6621e-01 7.2745e-01
7.4439e-01 7.1927e-01
7.2395e-01 7.0810e-01
7.0480e-01 6.9486e-01
6.8757e-01 6.7918e-01
6.7281e-01 6.6106e-01
6.6071e-01 6.4098e-01
6.5084e-01 6.1988e-01
6.4318e-01 5.9810e-01
6.3798e-01 5.7578e-01
6.3527e-01 5.5824e-01
6.3466e-01 5.5354e-01
6.3256e-01 5.3673e-01
6.3043e-01 5.1443e-01
6.2890e-01 4.9435e-01
6.2773e-01 4.7483e-01
6.2690e-01 4.5578e-01
6.2640e-01 4.3707e-01
6.2623e-01 4.1861e-01
