  -1.4500000e+02   1.9500000e+02
  -1.4500000e+02   1.9500000e+02
  -1.4500000e+02   1.9500000e+02
  -1.4500000e+02   1.9500000e+02
  -1.4500000e+02   1.9500000e+02
  -1.4500000e+02   1.9500000e+02
  -1.4500000e+02   1.9500000e+02
  -1.4500000e+02   1.9500000e+02
  -1.4500000e+02   1.9500000e+02
  -1.4500000e+02   1.9500000e+02
  -1.4500000e+02   1.9500000e+02
  -1.4500000e+02   1.9500000e+02
  -1.4500000e+02   1.9500000e+02
  -1.4500000e+02   1.9500000e+02
  -1.4500000e+02   1.9500000e+02
  -1.4500000e+02   1.9500000e+02
  -1.4500000e+02   1.9500000e+02
  -1.4500000e+02   1.9500000e+02
  -1.4500000e+02   1.9500000e+02
  -1.4500000e+02   1.9500000e+02
  -1.4500000e+02   1.9500000e+02
  -1.4500000e+02   1.9500000e+02
  -1.4500000e+02   1.9500000e+02
  -1.4500000e+02   1.9500000e+02
  -1.4500000e+02   1.9500000e+02
  -1.4500000e+02   1.9500000e+02
  -1.4500000e+02   1.9500000e+02
  -1.4500000e+02   1.9500000e+02
  -1.4500000e+02   1.9500000e+02
  -1.4500000e+02   1.9500000e+02
  -1.4500000e+02   1.9500000e+02
  -1.4500000e+02   1.9500000e+02
  -1.4500000e+02   1.9500000e+02
  -1.4500000e+02   1.9500000e+02
  -1.4500000e+02   1.9500000e+02
