6.4754e-01 3.0170e-01
6.4683e-01 3.0064e-01
6.3719e-01 2.7688e-01
6.3330e-01 2.5196e-01
6.3298e-01 2.4807e-01
6.3152e-01 2.2352e-01
6.2634e-01 8.8298e-02
6.2630e-01 7.5110e-02
6.2628e-01 1.9913e-02
6.2627e-01 -2.3604e-02
6.2639e-01 -4.0424e-02
6.2644e-01 -4.7129e-02
6.2665e-01 -6.4162e-02
6.2697e-01 -8.1665e-02
6.2733e-01 -9.8411e-02
6.2779e-01 -1.1767e-01
6.2879e-01 -1.5967e-01
6.2938e-01 -1.8301e-01
6.3028e-01 -2.0822e-01
6.3213e-01 -2.3520e-01
6.3656e-01 -2.6257e-01
6.4627e-01 -2.8696e-01
6.6149e-01 -3.0652e-01
6.8045e-01 -3.2184e-01
7.0233e-01 -3.3260e-01
7.2574e-01 -3.3979e-01
7.4988e-01 -3.4393e-01
7.7418e-01 -3.4552e-01
7.9827e-01 -3.4485e-01
8.2187e-01 -3.4220e-01
8.4480e-01 -3.3776e-01
8.6690e-01 -3.3175e-01
8.8806e-01 -3.2439e-01
9.0820e-01 -3.1580e-01
9.2728e-01 -3.0616e-01
9.5398e-01 -2.9266e-01
9.7217e-01 -2.8285e-01
9.8924e-01 -2.7160e-01
1.0050e+00 -2.5906e-01
1.0196e+00 -2.4548e-01
1.0327e+00 -2.3109e-01
1.0446e+00 -2.1610e-01
1.0552e+00 -2.0071e-01
1.0646e+00 -1.8512e-01
1.0730e+00 -1.6950e-01
1.0804e+00 -1.5393e-01
1.0868e+00 -1.3843e-01
1.0924e+00 -1.2309e-01
1.0974e+00 -1.0798e-01
1.1017e+00 -9.3112e-02
1.1056e+00 -7.8464e-02
1.1084e+00 -6.7319e-02
1.1116e+00 -5.3029e-02
1.1140e+00 -3.8641e-02
1.1161e+00 -2.2357e-02
1.1171e+00 -7.4920e-03
1.1172e+00 -6.7292e-03
1.1177e+00 7.4996e-03
1.1177e+00 2.1703e-02
1.1171e+00 3.5887e-02
1.1150e+00 6.7207e-02
1.1136e+00 8.1483e-02
1.1116e+00 9.5704e-02
1.1088e+00 1.0985e-01
1.1055e+00 1.2395e-01
1.1017e+00 1.3803e-01
1.0973e+00 1.5212e-01
1.0924e+00 1.6623e-01
1.0869e+00 1.8036e-01
1.0806e+00 1.9445e-01
1.0736e+00 2.0850e-01
1.0659e+00 2.2252e-01
1.0574e+00 2.3653e-01
1.0481e+00 2.5047e-01
1.0379e+00 2.6427e-01
1.0267e+00 2.7783e-01
1.0145e+00 2.9102e-01
1.0012e+00 3.0369e-01
9.8684e-01 3.1565e-01
9.7135e-01 3.2671e-01
9.5480e-01 3.3665e-01
9.3725e-01 3.4523e-01
9.1883e-01 3.5227e-01
8.9969e-01 3.5758e-01
8.8001e-01 3.6103e-01
8.6000e-01 3.6255e-01
8.3987e-01 3.6203e-01
7.6018e-01 3.5253e-01
7.3559e-01 3.4958e-01
7.1141e-01 3.4386e-01
6.8480e-01 3.3377e-01
6.6413e-01 3.2041e-01
6.6317e-01 3.1972e-01
6.4754e-01 3.0170e-01
