          194  ! number of los
mkIIlbsrp 
      3.0000      0.3000      0.0000 ! origin for (p,ksi,zeta)
! los  cam cam         det det vers fname          Rdet(m)     Zdet(m)  fidet(deg)      Rst(m)      Zst(m)   fist(deg)     Rend(m)     Zend(m)  fiend(deg)        p(m)    ksi(deg)   zeta(deg)  etendue(srm2) type defonoff
    1    1 KB5V01        1 A   v01 KB5V0101.v0      3.2311      2.3932      0.0000      3.5484      1.5074      0.0000      3.8678      0.6155      0.0000      0.9234    289.7040      0.0000   0.615668E-07   2   1
    2    1 KB5V01        2 B   v01 KB5V0102.v0      3.2261      2.3925      0.0000      3.4198      1.6231      0.0000      3.8498     -0.0844      0.0000      0.7302    284.1330      0.0000   0.484012E-07   2   1
    3    1 KB5V01        3 C   v01 KB5V0103.v0      3.2211      2.3918      0.0000      3.3276      1.6921      0.0000      3.6743     -0.5862      0.0000      0.5333    278.6540      0.0000   0.483687E-07   2   1
    4    1 KB5V01        4 D   v01 KB5V0104.v0      3.2161      2.3911      0.0000      3.2522      1.7447      0.0000      3.4045     -0.9812      0.0000      0.3324    273.1990      0.0000   0.467045E-07   2   1
    5    1 KB5V02        1 A   v01 KB5V0201.v0      3.2101      2.3902      0.0000      3.1933      1.7857      0.0000      3.1083     -1.2676      0.0000      0.1519    268.4060      0.0000   0.345285E-07   2   1
    6    1 KB5V02        2 B   v01 KB5V0202.v0      3.2051      2.3895      0.0000      3.1520      1.8145      0.0000      2.8267     -1.7095      0.0000      0.0122    264.7260      0.0000   0.239133E-07   2   1
    7    1 KB5V02        3 C   v01 KB5V0203.v0      3.2001      2.3888      0.0000      3.1201      1.8374      0.0000      2.6176     -1.6264      0.0000     -0.1019    261.7460      0.0000   0.234426E-07   2   1
    8    1 KB5V02        4 D   v01 KB5V0204.v0      3.1950      2.3881      0.0000      3.0899      1.8591      0.0000      2.4103     -1.5618      0.0000     -0.2156    258.7630      0.0000   0.229296E-07   2   1
    9    1 KB5V03        1 A   v01 KB5V0301.v0      3.1809      2.3880      0.0000      3.1417      1.8218      0.0000      2.9211     -1.3710      0.0000      0.0365    266.0470      0.0000   0.100381E-07   2   1
   10    1 KB5V03        2 B   v01 KB5V0302.v0      3.1758      2.3887      0.0000      3.1270      1.8324      0.0000      2.8158     -1.7086      0.0000     -0.0077    264.9780      0.0000   0.106444E-07   2   1
   11    1 KB5V03        3 C   v01 KB5V0303.v0      3.1708      2.3894      0.0000      3.1119      1.8432      0.0000      2.7340     -1.6615      0.0000     -0.0542    263.8450      0.0000   0.100351E-07   2   1
   12    1 KB5V03        4 D   v01 KB5V0304.v0      3.1658      2.3901      0.0000      3.0976      1.8535      0.0000      2.6539     -1.6373      0.0000     -0.0991    262.7570      0.0000   0.101474E-07   2   1
   13    1 KB5V04        1 A   v01 KB5V0401.v0      3.1599      2.3908      0.0000      3.0831      1.8639      0.0000      2.5760     -1.6138      0.0000     -0.1434    261.7040      0.0000   0.101552E-07   2   1
   14    1 KB5V04        2 B   v01 KB5V0402.v0      3.1549      2.3915      0.0000      3.0694      1.8738      0.0000      2.4774     -1.7103      0.0000     -0.1880    260.6210      0.0000   0.999120E-08   2   1
   15    1 KB5V04        3 C   v01 KB5V0403.v0      3.1499      2.3922      0.0000      3.0558      1.8836      0.0000      2.4150     -1.5793      0.0000     -0.2333    259.5170      0.0000   0.103578E-07   2   1
   16    1 KB5V04        4 D   v01 KB5V0404.v0      3.1448      2.3929      0.0000      3.0430      1.8928      0.0000      2.3806     -1.3582      0.0000     -0.2759    258.4850      0.0000   0.981484E-08   2   1
   17    1 KB5V05        1 A   v01 KB5V0501.v0      3.1290      2.3982      0.0000      3.0039      1.9209      0.0000      2.1841     -1.2064      0.0000     -0.4073    255.3110      0.0000   0.300301E-07   2   1
   18    1 KB5V05        2 B   v01 KB5V0502.v0      3.1246      2.4007      0.0000      2.9684      1.9441      0.0000      2.0235     -0.8194      0.0000     -0.5618    251.1230      0.0000   0.365520E-07   2   1
   19    1 KB5V05        3 C   v01 KB5V0503.v0      3.1201      2.4031      0.0000      2.9275      1.9597      0.0000      1.8902     -0.4292      0.0000     -0.7275    246.5280      0.0000   0.370868E-07   2   1
   20    1 KB5V05        4 D   v01 KB5V0504.v0      3.1156      2.4055      0.0000      2.8867      1.9753      0.0000      1.8212     -0.0268      0.0000     -0.8871    241.9790      0.0000   0.418292E-07   2   1
   21    1 KB5V06        1 A   v01 KB5V0601.v0      3.1104      2.4084      0.0000      2.8420      1.9883      0.0000      1.8070      0.3684      0.0000     -1.0421    237.4230      0.0000   0.512869E-07   2   1
   22    1 KB5V06        2 B   v01 KB5V0602.v0      3.1060      2.4108      0.0000      2.7960      2.0015      0.0000      1.8405      0.7395      0.0000     -1.1897    232.8670      0.0000   0.600174E-07   2   1
   23    1 KB5V06        3 C   v01 KB5V0603.v0      3.1015      2.4132      0.0000      2.7426      2.0101      0.0000      1.8816      1.0431      0.0000     -1.3294    228.3200      0.0000   0.682730E-07   2   0
   24    1 KB5V06        4 D   v01 KB5V0604.v0      3.0971      2.4157      0.0000      2.6819      2.0178      0.0000      1.9478      1.3144      0.0000     -1.4604    223.7790      0.0000   0.760144E-07   2   1
   25    1 KB5V07        1 A   v01 KB5V0701.v0      3.1814      2.3880      0.0000      3.4506      1.5955      0.0000      3.8903      0.3007      0.0000      0.8433    288.7600      0.0000   0.672606E-07   2   1
   26    1 KB5V07        2 B   v01 KB5V0702.v0      3.1763      2.3887      0.0000      3.2952      1.7147      0.0000      3.6940     -0.5458      0.0000      0.5365    280.0050      0.0000   0.692535E-07   2   1
   27    1 KB5V07        3 C   v01 KB5V0703.v0      3.1713      2.3894      0.0000      3.1838      1.7923      0.0000      3.2456     -1.1539      0.0000      0.2151    271.2020      0.0000   0.716996E-07   2   1
   28    1 KB5V07        4 D   v01 KB5V0704.v0      3.1663      2.3901      0.0000      3.0953      1.8552      0.0000      2.6327     -1.6309      0.0000     -0.1101    262.4410      0.0000   0.750217E-07   2   1
   29    1 KB5V08        1 A   v01 KB5V0801.v0      3.1605      2.3909      0.0000      3.0161      1.9121      0.0000      2.1213     -1.0549      0.0000     -0.4500    253.2180      0.0000   0.795187E-07   2   1
   30    1 KB5V08        2 B   v01 KB5V0802.v0      3.1555      2.3916      0.0000      2.9351      1.9568      0.0000      1.8437     -0.1965      0.0000     -0.8069    243.1210      0.0000   0.792650E-07   2   1
   31    1 KB5V08        3 C   v01 KB5V0803.v0      3.1504      2.3922      0.0000      2.8449      1.9875      0.0000      1.8278      0.6404      0.0000     -1.1406    232.9480      0.0000   0.791635E-07   2   1
   32    1 KB5V08        4 D   v01 KB5V0804.v0      3.1454      2.3929      0.0000      2.7264      2.0121      0.0000      1.9421      1.2995      0.0000     -1.4512    222.2610      0.0000   0.802508E-07   2   1
   33    2 KB5H01        1 A   v01 KB5H0101.v0      5.0301      0.4052      0.0000      3.5537     -0.7886      0.0000      2.3929     -1.7272      0.0000      1.1946    218.9590      0.0000   0.894378E-08   2   1
   34    2 KB5H02        1 A   v01 KB5H0201.v0      5.0326      0.4025      0.0000      3.6198     -0.6856      0.0000      2.4205     -1.6093      0.0000      1.1591    217.6030      0.0000   0.920503E-08   2   1
   35    2 KB5H01        2 B   v01 KB5H0102.v0      5.0330      0.4011      0.0000      3.6645     -0.6048      0.0000      2.4024     -1.5325      0.0000      1.1226    216.3170      0.0000   0.937226E-08   2   1
   36    2 KB5H02        2 B   v01 KB5H0202.v0      5.0355      0.3983      0.0000      3.6985     -0.5363      0.0000      2.4129     -1.4351      0.0000      1.0857    214.9560      0.0000   0.959751E-08   2   1
   37    2 KB5H01        3 C   v01 KB5H0103.v0      5.0358      0.3969      0.0000      3.7260     -0.4758      0.0000      2.3884     -1.3671      0.0000      1.0482    213.6760      0.0000   0.970187E-08   2   1
   38    2 KB5H02        3 C   v01 KB5H0203.v0      5.0384      0.3941      0.0000      3.7493     -0.4208      0.0000      2.3041     -1.3344      0.0000      1.0097    212.3000      0.0000   0.984836E-08   2   1
   39    2 KB5H01        4 D   v01 KB5H0104.v0      5.0387      0.3927      0.0000      3.7675     -0.3720      0.0000      2.2458     -1.2875      0.0000      0.9715    211.0310      0.0000   0.990060E-08   2   1
   40    2 KB5H02        4 D   v01 KB5H0204.v0      5.0412      0.3899      0.0000      3.7841     -0.3259      0.0000      2.1943     -1.2311      0.0000      0.9318    209.6560      0.0000   0.100017E-07   2   1
   41    2 KB5H03        1 A   v01 KB5H0301.v0      5.0480      0.3633      0.0000      3.8090     -0.2474      0.0000      2.1298     -1.0753      0.0000      0.8487    206.2420      0.0000   0.217596E-07   2   1
   42    2 KB5H03        2 B   v01 KB5H0302.v0      5.0497      0.3586      0.0000      3.8427     -0.1170      0.0000      2.0286     -0.8316      0.0000      0.6968    201.5030      0.0000   0.231629E-07   2   1
   43    2 KB5H03        3 C   v01 KB5H0303.v0      5.0513      0.3538      0.0000      3.8648     -0.0028      0.0000      1.9325     -0.5836      0.0000      0.5389    196.7280      0.0000   0.237982E-07   2   1
   44    2 KB5H03        4 D   v01 KB5H0304.v0      5.0530      0.3490      0.0000      3.8785      0.0993      0.0000      1.8676     -0.3282      0.0000      0.3790    192.0010      0.0000   0.236387E-07   2   1
   45    2 KB5H04        1 A   v01 KB5H0401.v0      5.0540      0.3433      0.0000      3.8873      0.2074      0.0000      1.8220     -0.0333      0.0000      0.1947    186.6470      0.0000   0.240313E-07   2   1
   46    2 KB5H04        2 B   v01 KB5H0402.v0      5.0540      0.3383      0.0000      3.8903      0.2996      0.0000      1.8063      0.2302      0.0000      0.0300    181.9050      0.0000   0.248393E-07   2   1
   47    2 KB5H04        3 C   v01 KB5H0403.v0      5.0539      0.3332      0.0000      3.8891      0.3913      0.0000      1.8135      0.4950      0.0000     -0.1356    177.1420      0.0000   0.248109E-07   2   1
   48    2 KB5H04        4 D   v01 KB5H0404.v0      5.0539      0.3281      0.0000      3.8835      0.4840      0.0000      1.8427      0.7559      0.0000     -0.2991    172.4120      0.0000   0.239695E-07   2   1
   49    2 KB5H05        1 A   v01 KB5H0501.v0      5.0529      0.3227      0.0000      3.8718      0.5897      0.0000      1.8812      1.0398      0.0000     -0.4748    167.2600      0.0000   0.236126E-07   2   1
   50    2 KB5H05        2 B   v01 KB5H0502.v0      5.0512      0.3179      0.0000      3.8541      0.6950      0.0000      1.9414      1.2977      0.0000     -0.6334    162.5120      0.0000   0.237295E-07   2   1
   51    2 KB5H05        3 C   v01 KB5H0503.v0      5.0495      0.3131      0.0000      3.8278      0.8125      0.0000      2.0362      1.5449      0.0000     -0.7876    157.7660      0.0000   0.230339E-07   2   1
   52    2 KB5H05        4 D   v01 KB5H0504.v0      5.0478      0.3083      0.0000      3.7872      0.9494      0.0000      2.1493      1.7824      0.0000     -0.9357    153.0440      0.0000   0.215983E-07   2   1
   53    2 KB5H06        1 A   v01 KB5H0601.v0      5.0404      0.2801      0.0000      3.7575      1.0320      0.0000      2.2663      1.9060      0.0000     -1.0146    149.6250      0.0000   0.191953E-07   2   1
   54    2 KB5H06        2 B   v01 KB5H0602.v0      5.0375      0.2759      0.0000      3.7147      1.1353      0.0000      2.4163      1.9787      0.0000     -1.0898    146.9920      0.0000   0.188651E-07   2   1
   55    2 KB5H06        3 C   v01 KB5H0603.v0      5.0347      0.2717      0.0000      3.6507      1.2648      0.0000      2.6031      2.0164      0.0000     -1.1632    144.3400      0.0000   0.183140E-07   2   1
   56    2 KB5H06        4 D   v01 KB5H0604.v0      5.0318      0.2676      0.0000      3.6406      1.3661      0.0000      2.8588      1.9835      0.0000     -1.2337    141.7020      0.0000   0.175371E-07   2   1
   57    3 KB3H01        1 A   v01 KB30101.v01      3.0471     -1.4263      0.0000      2.9843     -1.3348      0.0000      1.8072      0.3796      0.0000      0.9383    124.4720      0.0000   0.245987E-07   2   0
   58    3 KB3H01        2 B   v01 KB30102.v01      3.0440     -1.4304      0.0000      2.9520     -1.3446      0.0000      1.8687     -0.3335      0.0000      1.2350    136.9750      0.0000   0.240838E-07   2   0
   59    3 KB3H01        3 C   v01 KB30103.v01      3.0410     -1.4344      0.0000      2.9261     -1.3667      0.0000      2.0319     -0.8394      0.0000      1.4732    149.4760      0.0000   0.228754E-07   2   0
   60    3 KB3H01        4 D   v01 KB30104.v01      3.0379     -1.4385      0.0000      2.9015     -1.3941      0.0000      2.1621     -1.1533      0.0000      1.6413    161.9610      0.0000   0.192657E-07   2   0
   61    4 KB3H02        1 A   v01 KB30201.v01      3.0451     -1.4237      0.0000      2.9011     -1.3948      0.0000      2.2136     -1.2571      0.0000      1.6813    168.6720      0.0000   0.169859E-07   2   0
   62    4 KB3H02        2 B   v01 KB30202.v01      3.0455     -1.4288      0.0000      2.8874     -1.4264      0.0000      2.4111     -1.4194      0.0000      1.7279    179.1470      0.0000   0.170505E-07   2   0
   63    4 KB3H02        3 C   v01 KB30203.v01      3.0459     -1.4338      0.0000      2.8864     -1.4608      0.0000      2.4050     -1.5424      0.0000      1.7171    189.6190      0.0000   0.103049E-07   2   0
   64    4 KB3H02        4 D   v01 KB30204.v01      3.0463     -1.4389      0.0000      2.8900     -1.4961      0.0000      2.4112     -1.6713      0.0000      1.6489    200.0960      0.0000   0.100000E-07   2   0
   65    5 KB3H03        1 A   v01 KB30301.v01      3.0082     -1.5226      0.0000      2.8881     -1.4218      0.0000      1.9469     -0.6321      0.0000      1.3909    140.0000      0.0000   0.599826E-07   2   0
   66    5 KB3H03        2 B   v01 KB30302.v01      3.0082     -1.5276      0.0000      2.8863     -1.4620      0.0000      2.1189     -1.0490      0.0000      1.6055    151.7140      0.0000   0.785336E-07   2   0
   67    5 KB3H03        3 C   v01 KB30303.v01      3.0082     -1.5326      0.0000      2.8903     -1.4975      0.0000      2.3661     -1.3415      0.0000      1.7541    163.4290      0.0000   0.103526E-06   2   0
   68    5 KB3H03        4 D   v01 KB30304.v01      3.0082     -1.5376      0.0000      2.8963     -1.5281      0.0000      2.4105     -1.4868      0.0000      1.8303    175.1430      0.0000   0.109246E-06   2   0
   69    6 KB3H04        1 A   v01 KB30401.v01      3.0082     -1.5223      0.0000      2.8945     -1.5360      0.0000      2.4188     -1.5932      0.0000      1.8102    186.8570      0.0000   0.104764E-06   2   0
   70    6 KB3H04        2 B   v01 KB30402.v01      3.0082     -1.5274      0.0000      2.8871     -1.5681      0.0000      2.6682     -1.6416      0.0000      1.7349    198.5710      0.0000   0.899146E-07   2   0
   71    6 KB3H04        3 C   v01 KB30403.v01      3.0082     -1.5324      0.0000      2.8822     -1.6060      0.0000      2.7691     -1.6721      0.0000      1.5864    210.2860      0.0000   0.730631E-07   2   0
   72    6 KB3H04        4 D   v01 KB30404.v01      3.0082     -1.5374      0.0000      2.8881     -1.6456      0.0000      2.8179     -1.7088      0.0000      1.3709    222.0000      0.0000   0.554912E-07   2   0
   73    7 KB3H05        1 A   v01 KB30501.v01      2.3170     -1.5956      0.0000      2.4189     -1.6327      0.0000      2.5414     -1.6773      0.0000     -2.0149    340.0000      0.0000   0.748019E-07   2   0
   74    7 KB3H05        2 B   v01 KB30502.v01      2.3160     -1.5907      0.0000      2.4210     -1.6030      0.0000      2.5721     -1.6206      0.0000     -1.9573    353.3330      0.0000   0.890128E-07   2   0
   75    7 KB3H05        3 C   v01 KB30503.v01      2.3149     -1.5858      0.0000      2.4136     -1.5743      0.0000      2.8988     -1.5175      0.0000     -1.7935      6.6670      0.0000   0.944142E-07   2   0
   76    7 KB3H05        4 D   v01 KB30504.v01      2.3138     -1.5809      0.0000      2.4063     -1.5472      0.0000      2.9438     -1.3516      0.0000     -1.5328     20.0000      0.0000   0.881582E-07   2   0
   77    8 KB3H06        1 A   v01 KB30601.v01      2.2780     -1.4802      0.0000      2.4207     -1.6070      0.0000      2.5278     -1.7022      0.0000     -1.8104    318.3810      0.0000   0.108307E-07   2   0
   78    8 KB3H06        2 B   v01 KB30602.v01      2.2805     -1.4758      0.0000      2.4104     -1.5622      0.0000      2.5525     -1.6567      0.0000     -1.8771    326.3710      0.0000   0.133894E-07   2   0
   79    8 KB3H06        3 C   v01 KB30603.v01      2.2831     -1.4714      0.0000      2.4012     -1.5281      0.0000      2.5863     -1.6170      0.0000     -1.9072    334.3570      0.0000   0.152974E-07   2   0
   80    8 KB3H06        4 D   v01 KB30604.v01      2.2856     -1.4670      0.0000      2.4067     -1.5055      0.0000      2.8918     -1.6599      0.0000     -1.9004    342.3450      0.0000   0.149227E-07   2   0
   81    9 KB3H07        1 A   v01 KB30701.v01      2.2787     -1.4354      0.0000      2.4126     -1.4639      0.0000      2.8878     -1.5648      0.0000     -1.8474    348.0070      0.0000   0.165512E-07   2   0
   82    9 KB3H07        2 B   v01 KB30702.v01      2.2783     -1.4303      0.0000      2.4129     -1.4327      0.0000      2.8870     -1.4410      0.0000     -1.7427    358.9910      0.0000   0.182252E-07   2   0
   83    9 KB3H07        3 C   v01 KB30703.v01      2.2779     -1.4253      0.0000      2.4079     -1.4024      0.0000      3.0833     -1.2832      0.0000     -1.5736     10.0031      0.0000   0.185247E-07   2   0
   84    9 KB3H07        4 D   v01 KB30704.v01      2.2775     -1.4202      0.0000      2.3953     -1.3750      0.0000      3.3955     -0.9911      0.0000     -1.3471     20.9961      0.0000   0.178949E-07   2   0
   85   10 VV            1 001 v00                  2.0100     -0.7869      0.0000      2.0100     -0.7869      0.0000      2.0811     -0.9579      0.0000     -1.3315    292.5827      0.0000    0.00000       0   0
   86   10 VV            2 002 v00                  2.0811     -0.9579      0.0000      2.0811     -0.9579      0.0000      2.1390     -1.0975      0.0000     -1.3303    292.4985      0.0000    0.00000       0   1
   87   10 VV            3 003 v00                  2.1390     -1.0975      0.0000      2.1390     -1.0975      0.0000      2.1996     -1.2439      0.0000     -1.3301    292.4908      0.0000    0.00000       0   0
   88   10 VV            4 004 v00                  2.1996     -1.2439      0.0000      2.1996     -1.2439      0.0000      2.2954     -1.3344      0.0000     -1.6720    316.6348      0.0000    0.00000       0   0
   89   10 VV            5 005 v00                  2.2954     -1.3344      0.0000      2.2954     -1.3344      0.0000      2.3599     -1.3344      0.0000      1.6344      0.0000      0.0000    0.00000       0   0
   90   10 VV            6 006 v00                  2.3599     -1.3344      0.0000      2.3599     -1.3344      0.0000      2.4048     -1.3859      0.0000     -1.5567    311.0967      0.0000    0.00000       0   0
   91   10 VV            7 007 v00                  2.4048     -1.3859      0.0000      2.4048     -1.3859      0.0000      2.4129     -1.4289      0.0000     -0.8972    280.6767      0.0000    0.00000       0   0
   92   10 VV            8 008 v00                  2.4129     -1.4289      0.0000      2.4129     -1.4289      0.0000      2.4126     -1.4745      0.0000     -0.5742    269.5721      0.0000    0.00000       0   0
   93   10 VV            9 009 v00                  2.4126     -1.4745      0.0000      2.4126     -1.4745      0.0000      2.4076     -1.5044      0.0000     -0.2903    260.6183      0.0000    0.00000       0   0
   94   10 VV           10 010 v00                  2.4076     -1.5044      0.0000      2.4076     -1.5044      0.0000      2.3980     -1.5164      0.0000      0.6655    231.3111      0.0000    0.00000       0   0
   95   10 VV           11 011 v00                  2.3980     -1.5164      0.0000      2.3980     -1.5164      0.0000      2.4211     -1.6017      0.0000     -1.0551    285.1243      0.0000    0.00000       0   0
   96   10 VV           12 012 v00                  2.4211     -1.6017      0.0000      2.4211     -1.6017      0.0000      2.4177     -1.6494      0.0000     -0.4450    266.0049      0.0000    0.00000       0   0
   97   10 VV           13 013 v00                  2.4177     -1.6494      0.0000      2.4177     -1.6494      0.0000      2.4057     -1.6897      0.0000     -0.0013    253.4052      0.0000    0.00000       0   0
   98   10 VV           14 014 v00                  2.4057     -1.6897      0.0000      2.4057     -1.6897      0.0000      2.3684     -1.6897      0.0000      1.9897    180.0000      0.0000    0.00000       0   0
   99   10 VV           15 015 v00                  2.3684     -1.6897      0.0000      2.3684     -1.6897      0.0000      2.3150     -1.7387      0.0000      1.0390    222.5391      0.0000    0.00000       0   0
  100   10 VV           16 016 v00                  2.3150     -1.7387      0.0000      2.3150     -1.7387      0.0000      2.3643     -1.7379      0.0000     -2.0276      0.9061      0.0000    0.00000       0   0
  101   10 VV           17 017 v00                  2.3643     -1.7379      0.0000      2.3643     -1.7379      0.0000      2.4367     -1.7108      0.0000     -1.6843     20.5829      0.0000    0.00000       0   0
  102   10 VV           18 018 v00                  2.4367     -1.7108      0.0000      2.4367     -1.7108      0.0000      2.5237     -1.7098      0.0000     -2.0047      0.6056      0.0000    0.00000       0   0
  103   10 VV           19 019 v00                  2.5237     -1.7098      0.0000      2.5237     -1.7098      0.0000      2.5758     -1.6138      0.0000     -0.5394     61.5281      0.0000    0.00000       0   0
  104   10 VV           20 020 v00                  2.5758     -1.6138      0.0000      2.5758     -1.6138      0.0000      2.8142     -1.6857      0.0000     -1.9548    343.2243      0.0000    0.00000       0   0
  105   10 VV           21 021 v00                  2.8142     -1.6857      0.0000      2.8142     -1.6857      0.0000      2.8142     -1.7085      0.0000     -0.1858    270.0000      0.0000    0.00000       0   0
  106   10 VV           22 022 v00                  2.8142     -1.7085      0.0000      2.8142     -1.7085      0.0000      2.8702     -1.7131      0.0000     -2.0169    355.2304      0.0000    0.00000       0   0
  107   10 VV           23 023 v00                  2.8702     -1.7131      0.0000      2.8702     -1.7131      0.0000      2.9465     -1.7448      0.0000     -1.9093    337.4799      0.0000    0.00000       0   0
  108   10 VV           24 024 v00                  2.9465     -1.7448      0.0000      2.9465     -1.7448      0.0000      2.9870     -1.7460      0.0000     -2.0455    358.3174      0.0000    0.00000       0   0
  109   10 VV           25 025 v00                  2.9870     -1.7460      0.0000      2.9870     -1.7460      0.0000      2.9350     -1.6823      0.0000      1.3040    129.2285      0.0000    0.00000       0   0
  110   10 VV           26 026 v00                  2.9350     -1.6823      0.0000      2.9350     -1.6823      0.0000      2.8977     -1.6823      0.0000      1.9823    180.0000      0.0000    0.00000       0   0
  111   10 VV           27 027 v00                  2.8977     -1.6823      0.0000      2.8977     -1.6823      0.0000      2.8812     -1.6195      0.0000      0.6008    104.6628      0.0000    0.00000       0   0
  112   10 VV           28 028 v00                  2.8812     -1.6195      0.0000      2.8812     -1.6195      0.0000      2.8839     -1.5817      0.0000     -0.0179     85.9252      0.0000    0.00000       0   0
  113   10 VV           29 029 v00                  2.8839     -1.5817      0.0000      2.8839     -1.5817      0.0000      2.9005     -1.5104      0.0000     -0.3120     76.9455      0.0000    0.00000       0   0
  114   10 VV           30 030 v00                  2.9005     -1.5104      0.0000      2.9005     -1.5104      0.0000      2.8905     -1.4984      0.0000      1.2329    129.6927      0.0000    0.00000       0   0
  115   10 VV           31 031 v00                  2.8905     -1.4984      0.0000      2.8905     -1.4984      0.0000      2.8859     -1.4757      0.0000      0.4635    101.4217      0.0000    0.00000       0   0
  116   10 VV           32 032 v00                  2.8859     -1.4757      0.0000      2.8859     -1.4757      0.0000      2.8875     -1.4230      0.0000      0.0595     88.2396      0.0000    0.00000       0   0
  117   10 VV           33 033 v00                  2.8875     -1.4230      0.0000      2.8875     -1.4230      0.0000      2.9066     -1.3834      0.0000     -0.6451     64.3257      0.0000    0.00000       0   0
  118   10 VV           34 034 v00                  2.9066     -1.3834      0.0000      2.9066     -1.3834      0.0000      2.9635     -1.3348      0.0000     -1.2197     40.4825      0.0000    0.00000       0   0
  119   10 VV           35 035 v00                  2.9635     -1.3348      0.0000      2.9635     -1.3348      0.0000      3.0110     -1.3348      0.0000      1.6348      0.0000      0.0000    0.00000       0   0
  120   10 VV           36 036 v00                  3.0110     -1.3348      0.0000      3.0110     -1.3348      0.0000      3.0601     -1.2978      0.0000     -1.3117     37.0301      0.0000    0.00000       0   0
  121   10 VV           37 037 v00                  3.0601     -1.2978      0.0000      3.0601     -1.2978      0.0000      3.1940     -1.2140      0.0000     -1.3868     32.0012      0.0000    0.00000       0   0
  122   10 VV           38 038 v00                  3.1940     -1.2140      0.0000      3.1940     -1.2140      0.0000      3.3094     -1.0796      0.0000     -1.1329     49.3833      0.0000    0.00000       0   0
  123   10 VV           39 039 v00                  3.3094     -1.0796      0.0000      3.3094     -1.0796      0.0000      3.3591     -1.0312      0.0000     -1.2044     44.2230      0.0000    0.00000       0   0
  124   10 VV           40 040 v00                  3.3591     -1.0312      0.0000      3.3591     -1.0312      0.0000      3.4073     -0.9782      0.0000     -1.1614     47.7091      0.0000    0.00000       0   0
  125   10 VV           41 041 v00                  3.4073     -0.9782      0.0000      3.4073     -0.9782      0.0000      3.4795     -0.8909      0.0000     -1.1286     50.3998      0.0000    0.00000       0   1
  126   10 VV           42 042 v00                  3.4795     -0.8909      0.0000      3.4795     -0.8909      0.0000      3.5304     -0.8227      0.0000     -1.0967     53.2566      0.0000    0.00000       0   0
  127   10 VV           43 043 v00                  3.5304     -0.8227      0.0000      3.5304     -0.8227      0.0000      3.5782     -0.7527      0.0000     -1.0709     55.6964      0.0000    0.00000       0   1
  128   10 VV           44 044 v00                  3.5782     -0.7527      0.0000      3.5782     -0.7527      0.0000      3.6271     -0.6740      0.0000     -1.0466     58.1494      0.0000    0.00000       0   0
  129   10 VV           45 045 v00                  3.6271     -0.6740      0.0000      3.6271     -0.6740      0.0000      3.6405     -0.6502      0.0000     -1.0260     60.4345      0.0000    0.00000       0   1
  130   10 VV           46 046 v00                  3.6405     -0.6502      0.0000      3.6405     -0.6502      0.0000      3.6800     -0.5754      0.0000     -1.0098     62.1935      0.0000    0.00000       0   0
  131   10 VV           47 047 v00                  3.6800     -0.5754      0.0000      3.6800     -0.5754      0.0000      3.7165     -0.4985      0.0000     -0.9894     64.6394      0.0000    0.00000       0   1
  132   10 VV           48 048 v00                  3.7165     -0.4985      0.0000      3.7165     -0.4985      0.0000      3.7494     -0.4205      0.0000     -0.9709     67.0823      0.0000    0.00000       0   0
  133   10 VV           49 049 v00                  3.7494     -0.4205      0.0000      3.7494     -0.4205      0.0000      3.7792     -0.3408      0.0000     -0.9542     69.5165      0.0000    0.00000       0   1
  134   10 VV           50 050 v00                  3.7792     -0.3408      0.0000      3.7792     -0.3408      0.0000      3.8054     -0.2603      0.0000     -0.9394     71.9590      0.0000    0.00000       0   0
  135   10 VV           51 051 v00                  3.8054     -0.2603      0.0000      3.8054     -0.2603      0.0000      3.8283     -0.1784      0.0000     -0.9265     74.3959      0.0000    0.00000       0   1
  136   10 VV           52 052 v00                  3.8283     -0.1784      0.0000      3.8283     -0.1784      0.0000      3.8476     -0.0959      0.0000     -0.9155     76.8339      0.0000    0.00000       0   0
  137   10 VV           53 053 v00                  3.8476     -0.0959      0.0000      3.8476     -0.0959      0.0000      3.8634     -0.0123      0.0000     -0.9065     79.2790      0.0000    0.00000       0   1
  138   10 VV           54 054 v00                  3.8634     -0.0123      0.0000      3.8634     -0.0123      0.0000      3.8756      0.0714      0.0000     -0.8994     81.7119      0.0000    0.00000       0   0
  139   10 VV           55 055 v00                  3.8756      0.0714      0.0000      3.8756      0.0714      0.0000      3.8843      0.1561      0.0000     -0.8943     84.1594      0.0000    0.00000       0   1
  140   10 VV           56 056 v00                  3.8843      0.1561      0.0000      3.8843      0.1561      0.0000      3.8893      0.2406      0.0000     -0.8913     86.5930      0.0000    0.00000       0   0
  141   10 VV           57 057 v00                  3.8893      0.2406      0.0000      3.8893      0.2406      0.0000      3.8908      0.3257      0.0000     -0.8902     89.0305      0.0000    0.00000       0   1
  142   10 VV           58 058 v00                  3.8908      0.3257      0.0000      3.8908      0.3257      0.0000      3.8886      0.4103      0.0000     -0.8911     91.4761      0.0000    0.00000       0   0
  143   10 VV           59 059 v00                  3.8886      0.4103      0.0000      3.8886      0.4103      0.0000      3.8828      0.4951      0.0000     -0.8940     93.9148      0.0000    0.00000       0   1
  144   10 VV           60 060 v00                  3.8828      0.4951      0.0000      3.8828      0.4951      0.0000      3.8734      0.5793      0.0000     -0.8989     96.3492      0.0000    0.00000       0   0
  145   10 VV           61 061 v00                  3.8734      0.5793      0.0000      3.8734      0.5793      0.0000      3.8604      0.6634      0.0000     -0.9058     98.7938      0.0000    0.00000       0   1
  146   10 VV           62 062 v00                  3.8604      0.6634      0.0000      3.8604      0.6634      0.0000      3.8439      0.7464      0.0000     -0.9147    101.2289      0.0000    0.00000       0   0
  147   10 VV           63 063 v00                  3.8439      0.7464      0.0000      3.8439      0.7464      0.0000      3.8238      0.8291      0.0000     -0.9255    103.6688      0.0000    0.00000       0   1
  148   10 VV           64 064 v00                  3.8238      0.8291      0.0000      3.8238      0.8291      0.0000      3.8003      0.9104      0.0000     -0.9383    106.1118      0.0000    0.00000       0   0
  149   10 VV           65 065 v00                  3.8003      0.9104      0.0000      3.8003      0.9104      0.0000      3.7732      0.9911      0.0000     -0.9529    108.5478      0.0000    0.00000       0   1
  150   10 VV           66 066 v00                  3.7732      0.9911      0.0000      3.7732      0.9911      0.0000      3.7429      1.0701      0.0000     -0.9695    110.9942      0.0000    0.00000       0   0
  151   10 VV           67 067 v00                  3.7429      1.0701      0.0000      3.7429      1.0701      0.0000      3.7091      1.1482      0.0000     -0.9879    113.4293      0.0000    0.00000       0   1
  152   10 VV           68 068 v00                  3.7091      1.1482      0.0000      3.7091      1.1482      0.0000      3.6722      1.2243      0.0000     -1.0081    115.8688      0.0000    0.00000       0   0
  153   10 VV           69 069 v00                  3.6722      1.2243      0.0000      3.6722      1.2243      0.0000      3.6409      1.2832      0.0000     -1.0271    117.9581      0.0000    0.00000       0   1
  154   10 VV           70 070 v00                  3.6409      1.2832      0.0000      3.6409      1.2832      0.0000      3.6404      1.4245      0.0000     -0.6445     90.2067      0.0000    0.00000       0   0
  155   10 VV           71 071 v00                  3.6404      1.4245      0.0000      3.6404      1.4245      0.0000      3.5620      1.4951      0.0000     -1.2642    137.9970      0.0000    0.00000       0   1
  156   10 VV           72 072 v00                  3.5620      1.4951      0.0000      3.5620      1.4951      0.0000      3.4771      1.5715      0.0000     -1.2642    137.9979      0.0000    0.00000       0   0
  157   10 VV           73 073 v00                  3.4771      1.5715      0.0000      3.4771      1.5715      0.0000      3.3978      1.6430      0.0000     -1.2642    137.9992      0.0000    0.00000       0   1
  158   10 VV           74 074 v00                  3.3978      1.6430      0.0000      3.3978      1.6430      0.0000      3.3001      1.7113      0.0000     -1.3284    145.0178      0.0000    0.00000       0   0
  159   10 VV           75 075 v00                  3.3001      1.7113      0.0000      3.3001      1.7113      0.0000      3.1494      1.8163      0.0000     -1.3296    145.1429      0.0000    0.00000       0   1
  160   10 VV           76 076 v00                  3.1494      1.8163      0.0000      3.1494      1.8163      0.0000      2.9753      1.9414      0.0000     -1.3184    144.2921      0.0000    0.00000       0   0
  161   10 VV           77 077 v00                  2.9753      1.9414      0.0000      2.9753      1.9414      0.0000      2.8835      1.9765      0.0000     -1.5248    159.1149      0.0000    0.00000       0   1
  162   10 VV           78 078 v00                  2.8835      1.9765      0.0000      2.8835      1.9765      0.0000      2.7847      2.0047      0.0000     -1.5799    164.0531      0.0000    0.00000       0   0
  163   10 VV           79 079 v00                  2.7847      2.0047      0.0000      2.7847      2.0047      0.0000      2.6778      2.0183      0.0000     -1.6638    172.7325      0.0000    0.00000       0   1
  164   10 VV           80 080 v00                  2.6778      2.0183      0.0000      2.6778      2.0183      0.0000      2.5751      2.0157      0.0000     -1.7260    181.4668      0.0000    0.00000       0   0
  165   10 VV           81 081 v00                  2.5751      2.0157      0.0000      2.5751      2.0157      0.0000      2.4788      1.9991      0.0000     -1.7629    189.7794      0.0000    0.00000       0   1
  166   10 VV           82 082 v00                  2.4788      1.9991      0.0000      2.4788      1.9991      0.0000      2.3811      1.9672      0.0000     -1.7770    198.0804      0.0000    0.00000       0   0
  167   10 VV           83 083 v00                  2.3811      1.9672      0.0000      2.3811      1.9672      0.0000      2.2434      1.8938      0.0000     -1.7624    208.0569      0.0000    0.00000       0   1
  168   10 VV           84 084 v00                  2.2434      1.8938      0.0000      2.2434      1.8938      0.0000      2.2060      1.8715      0.0000     -1.7563    210.8464      0.0000    0.00000       0   0
  169   10 VV           85 085 v00                  2.2060      1.8715      0.0000      2.2060      1.8715      0.0000      2.1781      1.8392      0.0000     -1.6274    229.2441      0.0000    0.00000       0   1
  170   10 VV           86 086 v00                  2.1781      1.8392      0.0000      2.1781      1.8392      0.0000      2.1192      1.7231      0.0000     -1.4298    243.0689      0.0000    0.00000       0   0
  171   10 VV           87 087 v00                  2.1192      1.7231      0.0000      2.1192      1.7231      0.0000      2.0584      1.6028      0.0000     -1.4279    243.1953      0.0000    0.00000       0   1
  172   10 VV           88 088 v00                  2.0584      1.6028      0.0000      2.0584      1.6028      0.0000      1.9974      1.4440      0.0000     -1.3460    248.9934      0.0000    0.00000       0   0
  173   10 VV           89 089 v00                  1.9974      1.4440      0.0000      1.9974      1.4440      0.0000      1.9382      1.2894      0.0000     -1.3453    249.0564      0.0000    0.00000       0   1
  174   10 VV           90 090 v00                  1.9382      1.2894      0.0000      1.9382      1.2894      0.0000      1.9160      1.2316      0.0000     -1.3461    248.9685      0.0000    0.00000       0   0
  175   10 VV           91 091 v00                  1.9160      1.2316      0.0000      1.9160      1.2316      0.0000      1.9041      1.1713      0.0000     -1.2445    258.7796      0.0000    0.00000       0   1
  176   10 VV           92 092 v00                  1.9041      1.1713      0.0000      1.9041      1.1713      0.0000      1.8861      1.0729      0.0000     -1.2348    259.6383      0.0000    0.00000       0   0
  177   10 VV           93 093 v00                  1.8861      1.0729      0.0000      1.8861      1.0729      0.0000      1.8714      0.9737      0.0000     -1.2152    261.5667      0.0000    0.00000       0   1
  178   10 VV           94 094 v00                  1.8714      0.9737      0.0000      1.8714      0.9737      0.0000      1.8583      0.8744      0.0000     -1.2070    262.4927      0.0000    0.00000       0   0
  179   10 VV           95 095 v00                  1.8583      0.8744      0.0000      1.8583      0.8744      0.0000      1.8452      0.7750      0.0000     -1.2070    262.4922      0.0000    0.00000       0   1
  180   10 VV           96 096 v00                  1.8452      0.7750      0.0000      1.8452      0.7750      0.0000      1.8321      0.6756      0.0000     -1.2070    262.4892      0.0000    0.00000       0   0
  181   10 VV           97 097 v00                  1.8321      0.6756      0.0000      1.8321      0.6756      0.0000      1.8201      0.5759      0.0000     -1.2043    263.1708      0.0000    0.00000       0   1
  182   10 VV           98 098 v00                  1.8201      0.5759      0.0000      1.8201      0.5759      0.0000      1.8120      0.4764      0.0000     -1.1985    265.3040      0.0000    0.00000       0   0
  183   10 VV           99 099 v00                  1.8120      0.4764      0.0000      1.8120      0.4764      0.0000      1.8071      0.3766      0.0000     -1.1952    267.2063      0.0000    0.00000       0   1
  184   10 VV          100 100 v00                  1.8071      0.3766      0.0000      1.8071      0.3766      0.0000      1.8055      0.2767      0.0000     -1.1940    269.0996      0.0000    0.00000       0   0
  185   10 VV          101 101 v00                  1.8055      0.2767      0.0000      1.8055      0.2767      0.0000      1.8073      0.1768      0.0000     -1.1947    271.0036      0.0000    0.00000       0   1
  186   10 VV          102 102 v00                  1.8073      0.1768      0.0000      1.8073      0.1768      0.0000      1.8123      0.0770      0.0000     -1.1975    272.9088      0.0000    0.00000       0   0
  187   10 VV          103 103 v00                  1.8123      0.0770      0.0000      1.8123      0.0770      0.0000      1.8207     -0.0226      0.0000     -1.2022    274.7994      0.0000    0.00000       0   1
  188   10 VV          104 104 v00                  1.8207     -0.0226      0.0000      1.8207     -0.0226      0.0000      1.8324     -0.1218      0.0000     -1.2089    276.7075      0.0000    0.00000       0   0
  189   10 VV          105 105 v00                  1.8324     -0.1218      0.0000      1.8324     -0.1218      0.0000      1.8473     -0.2206      0.0000     -1.2176    278.5997      0.0000    0.00000       0   1
  190   10 VV          106 106 v00                  1.8473     -0.2206      0.0000      1.8473     -0.2206      0.0000      1.8655     -0.3189      0.0000     -1.2283    280.5069      0.0000    0.00000       0   0
  191   10 VV          107 107 v00                  1.8655     -0.3189      0.0000      1.8655     -0.3189      0.0000      1.8870     -0.4164      0.0000     -1.2409    282.4032      0.0000    0.00000       0   1
  192   10 VV          108 108 v00                  1.8870     -0.4164      0.0000      1.8870     -0.4164      0.0000      1.9117     -0.5133      0.0000     -1.2555    284.3005      0.0000    0.00000       0   0
  193   10 VV          109 109 v00                  1.9117     -0.5133      0.0000      1.9117     -0.5133      0.0000      1.9540     -0.6559      0.0000     -1.2747    286.5189      0.0000    0.00000       0   1
  194   10 VV          110 110 v00                  1.9540     -0.6559      0.0000      1.9540     -0.6559      0.0000      2.0100     -0.7869      0.0000     -1.3378    293.1690      0.0000    0.00000       0   0
