4.8910e+01 3.0455e+00 -4.6351e-02 5.8943e+09
4.8910e+01 3.0459e+00 -6.0503e-02 5.9047e+09
4.8910e+01 3.0466e+00 -8.8820e-02 5.9185e+09
4.8910e+01 3.0478e+00 -1.2230e-01 5.9454e+09
4.8911e+01 3.0354e+00 1.9783e-01 5.3267e+09
4.8911e+01 3.0380e+00 1.4532e-01 5.3448e+09
4.8911e+01 3.0405e+00 9.5087e-02 5.3424e+09
4.8911e+01 3.0427e+00 4.0600e-02 5.3453e+09
4.8911e+01 3.0386e+00 -7.2151e-01 7.6879e+09
4.8912e+01 3.0380e+00 -7.3102e-01 7.6656e+09
4.8912e+01 3.0373e+00 -7.4076e-01 7.6532e+09
4.8912e+01 3.0356e+00 -7.4169e-01 7.6257e+09
4.8912e+01 3.0142e+00 7.7417e-01 4.0088e+09
4.8912e+01 3.0141e+00 7.7801e-01 3.9822e+09
4.8913e+01 3.0217e+00 -6.7801e-01 7.2593e+09
4.8913e+01 3.0175e+00 -6.6271e-01 7.2417e+09
4.8913e+01 3.0219e+00 -5.8724e-01 6.8044e+09
4.8913e+01 3.0194e+00 -5.7107e-01 6.7884e+09
4.8913e+01 3.0182e+00 -5.5329e-01 6.7587e+09
4.8914e+01 3.0163e+00 -5.3807e-01 6.7512e+09
4.8914e+01 3.0271e+00 -3.1966e-01 5.9401e+09
4.8914e+01 3.0267e+00 -2.9954e-01 5.9394e+09
4.8914e+01 3.0086e+00 -5.7425e-01 7.1593e+09
4.8914e+01 3.0106e+00 -5.6620e-01 7.1258e+09
4.8915e+01 3.0220e+00 3.0579e-01 4.8607e+09
4.8915e+01 3.0233e+00 3.3785e-01 4.8501e+09
4.8915e+01 3.0244e+00 3.6168e-01 4.8526e+09
4.8915e+01 3.0257e+00 3.9251e-01 4.8358e+09
4.8916e+01 3.0364e+00 1.1560e-01 5.2835e+09
4.8916e+01 3.0193e+00 -5.8932e-01 7.3210e+09
4.8916e+01 3.0225e+00 -5.8306e-01 7.3020e+09
4.8916e+01 3.0257e+00 -5.7559e-01 7.3050e+09
4.8916e+01 3.0414e+00 -1.6316e-02 5.6465e+09
4.8917e+01 3.0413e+00 1.3784e-02 5.6442e+09
4.8917e+01 3.0410e+00 5.3125e-02 5.6167e+09
4.8917e+01 3.0396e+00 9.6022e-02 5.5957e+09
4.8917e+01 3.0390e+00 9.1441e-02 5.6462e+09
4.8917e+01 3.0378e+00 1.4061e-01 5.5864e+09
4.8917e+01 3.0359e+00 1.8892e-01 5.5342e+09
4.8918e+01 3.0414e+00 -2.9474e-01 6.5588e+09
4.8918e+01 3.0423e+00 -1.1083e-01 6.1045e+09
4.8918e+01 3.0422e+00 -9.9064e-02 6.0372e+09
4.8918e+01 3.0419e+00 -9.3205e-02 5.9937e+09
4.8918e+01 3.0418e+00 -1.0154e-01 5.9673e+09
4.8919e+01 3.0368e+00 -4.2884e-01 6.7407e+09
4.8919e+01 3.0365e+00 -4.4888e-01 6.7709e+09
4.8919e+01 3.0374e+00 1.2783e-01 5.4385e+09
4.8919e+01 3.0364e+00 -4.9944e-01 6.8887e+09
4.8920e+01 3.0317e+00 -6.1989e-01 7.4547e+09
4.8920e+01 3.0338e+00 -6.3433e-01 7.5655e+09
4.8920e+01 3.0348e+00 -6.4359e-01 7.6410e+09
4.8920e+01 3.0363e+00 -6.5653e-01 7.7463e+09
4.8920e+01 3.0479e+00 -3.3864e-01 6.2850e+09
4.8921e+01 3.0489e+00 -3.5462e-01 6.3192e+09
4.8921e+01 3.0501e+00 -3.6857e-01 6.3629e+09
4.8921e+01 3.0493e+00 -4.2086e-01 6.5307e+09
4.8921e+01 3.0512e+00 1.0442e-02 5.4290e+09
4.8921e+01 3.0524e+00 2.2966e-02 5.4113e+09
4.8922e+01 3.0530e+00 4.6908e-02 5.3777e+09
4.8922e+01 3.0534e+00 6.7568e-02 5.3658e+09
4.8922e+01 3.0213e+00 7.8368e-01 4.2385e+09
4.8922e+01 3.0208e+00 8.0721e-01 4.2196e+09
4.8922e+01 3.0199e+00 8.3919e-01 4.1856e+09
4.8923e+01 3.0337e+00 -6.9866e-01 8.2354e+09
4.8923e+01 3.0501e+00 -3.7097e-01 6.4731e+09
4.8923e+01 3.0504e+00 7.2725e-03 5.5583e+09
4.8923e+01 3.0346e+00 -5.7610e-01 7.3180e+09
4.8923e+01 3.0440e+00 -4.0966e-01 6.6000e+09
4.8924e+01 3.0370e+00 -5.0972e-01 6.9523e+09
4.8924e+01 3.0336e+00 -5.3830e-01 7.0276e+09
4.8924e+01 3.0323e+00 -5.3589e-01 6.9736e+09
4.8924e+01 3.0311e+00 -5.3540e-01 6.9199e+09
4.8924e+01 3.0334e+00 -4.5454e-01 6.5411e+09
4.8924e+01 3.0372e+00 -2.4398e-02 5.4453e+09
4.8925e+01 3.0364e+00 -3.7595e-02 5.4248e+09
4.8925e+01 3.0353e+00 -5.5610e-02 5.4206e+09
4.8925e+01 3.0345e+00 -1.9627e-01 5.6770e+09
4.8925e+01 3.0343e+00 -2.2053e-01 5.7217e+09
4.8925e+01 3.0349e+00 -2.4936e-01 5.7975e+09
4.8926e+01 3.0358e+00 -2.8016e-01 5.8918e+09
4.8926e+01 3.0323e+00 -4.0904e-01 6.2680e+09
4.8926e+01 3.0325e+00 -4.3291e-01 6.3583e+09
4.8926e+01 3.0320e+00 -4.5857e-01 6.4458e+09
4.8926e+01 3.0320e+00 -4.7870e-01 6.5031e+09
4.8927e+01 3.0401e+00 -2.8365e-01 5.8827e+09
4.8927e+01 3.0404e+00 -3.0552e-01 5.9009e+09
4.8927e+01 3.0409e+00 -3.1933e-01 5.8943e+09
4.8927e+01 3.0413e+00 -3.3786e-01 5.8873e+09
4.8927e+01 3.0461e+00 -8.5915e-01 8.5618e+09
4.8928e+01 3.0477e+00 -8.7026e-01 8.5673e+09
4.8928e+01 3.0487e+00 -8.7678e-01 8.5811e+09
4.8928e+01 3.0495e+00 -8.8625e-01 8.6277e+09
4.8928e+01 3.0303e+00 -6.6813e-01 7.0410e+09
4.8928e+01 3.0324e+00 -6.7059e-01 7.1102e+09
4.8929e+01 3.0340e+00 -6.7638e-01 7.2067e+09
4.8929e+01 3.0354e+00 -6.7466e-01 7.2926e+09
4.8929e+01 3.0485e+00 -2.5239e-01 5.9226e+09
4.8929e+01 3.0483e+00 -2.4573e-01 6.0042e+09
4.8930e+01 3.0481e+00 -2.4086e-01 6.0990e+09
4.8930e+01 3.0475e+00 -2.2532e-01 6.1599e+09
4.8930e+01 3.0449e+00 -5.4707e-01 7.2227e+09
4.8930e+01 3.0448e+00 -5.3102e-01 7.2216e+09
4.8930e+01 3.0441e+00 -5.1037e-01 7.1499e+09
4.8931e+01 3.0430e+00 -4.8968e-01 7.0672e+09
4.8931e+01 3.0299e+00 1.3968e-01 5.5208e+09
4.8931e+01 3.0261e+00 1.7551e-01 5.4072e+09
4.8931e+01 3.0232e+00 2.0800e-01 5.2812e+09
4.8931e+01 3.0222e+00 2.3233e-01 5.1565e+09
4.8931e+01 3.0293e+00 -1.0033e-02 5.4768e+09
4.8932e+01 3.0289e+00 -7.7654e-03 5.3860e+09
4.8932e+01 3.0280e+00 -1.0387e-02 5.3184e+09
4.8932e+01 3.0288e+00 -1.9086e-02 5.2674e+09
4.8932e+01 3.0190e+00 -7.6924e-01 8.8628e+09
4.8932e+01 3.0190e+00 -7.6383e-01 8.8810e+09
4.8933e+01 3.0201e+00 -7.6002e-01 8.9019e+09
4.8933e+01 3.0199e+00 -7.5425e-01 8.9438e+09
4.8933e+01 3.0208e+00 -7.5118e-01 8.9604e+09
4.8933e+01 3.0207e+00 -7.4696e-01 8.9887e+09
4.8934e+01 3.0220e+00 -7.4664e-01 8.9825e+09
4.8934e+01 3.0228e+00 -7.4599e-01 8.9905e+09
4.8934e+01 3.0357e+00 7.5379e-02 5.0782e+09
4.8934e+01 3.0353e+00 9.7451e-02 5.0565e+09
4.8934e+01 3.0346e+00 1.1456e-01 5.0569e+09
4.8935e+01 3.0341e+00 1.3300e-01 5.0588e+09
4.8935e+01 3.0355e+00 -3.0169e-01 6.0366e+09
4.8935e+01 3.0358e+00 -3.0425e-01 6.0617e+09
4.8935e+01 3.0358e+00 -3.1255e-01 6.1061e+09
4.8935e+01 3.0357e+00 -3.2633e-01 6.1494e+09
4.8936e+01 3.0305e+00 -5.1043e-01 6.7911e+09
4.8936e+01 3.0303e+00 -5.2735e-01 6.8510e+09
4.8936e+01 3.0301e+00 -5.4247e-01 6.8943e+09
4.8936e+01 3.0295e+00 -5.5753e-01 6.9572e+09
4.8936e+01 3.0285e+00 1.6844e-01 5.0999e+09
4.8937e+01 3.0288e+00 1.3804e-01 5.1436e+09
4.8937e+01 3.0300e+00 1.1451e-01 5.1768e+09
4.8937e+01 3.0311e+00 9.6611e-02 5.2082e+09
4.8937e+01 2.9961e+00 9.1291e-01 4.0049e+09
4.8937e+01 3.0317e+00 -6.7490e-01 7.7531e+09
4.8938e+01 3.0313e+00 -6.6889e-01 7.7570e+09
4.8938e+01 2.9988e+00 8.8284e-01 4.1238e+09
4.8938e+01 3.0384e+00 -2.5646e-01 6.0075e+09
4.8938e+01 3.0270e+00 -6.0523e-01 7.4421e+09
4.8938e+01 3.0284e+00 -5.9957e-01 7.4953e+09
4.8938e+01 3.0417e+00 -2.6664e-01 6.1550e+09
4.8939e+01 3.0180e+00 1.2901e+00 3.1950e+09
4.8939e+01 3.0198e+00 1.2990e+00 3.2055e+09
4.8939e+01 3.0397e+00 1.3879e-01 5.3396e+09
4.8939e+01 3.0410e+00 1.4604e-01 5.3306e+09
4.8939e+01 3.0468e+00 3.4592e-02 5.5222e+09
4.8940e+01 3.0481e+00 4.4675e-02 5.5025e+09
4.8940e+01 3.0434e+00 2.1331e-01 5.2191e+09
4.8940e+01 3.0440e+00 2.3331e-01 5.1935e+09
4.8940e+01 3.0451e+00 -6.9990e-01 8.3241e+09
4.8940e+01 3.0438e+00 -7.0994e-01 8.3298e+09
4.8941e+01 3.0454e+00 -5.1752e-01 7.0263e+09
4.8941e+01 3.0454e+00 -5.2098e-01 7.0427e+09
4.8941e+01 3.0524e+00 -1.9232e-01 6.0476e+09
4.8941e+01 3.0389e+00 -6.0959e-01 7.5678e+09
4.8941e+01 3.0383e+00 -6.0988e-01 7.6090e+09
4.8942e+01 3.0504e+00 -2.0342e-01 6.2114e+09
4.8942e+01 3.0430e+00 -5.1503e-01 7.2506e+09
4.8942e+01 3.0473e+00 -1.4488e-01 6.1885e+09
4.8942e+01 3.0394e+00 -5.1019e-01 7.3529e+09
4.8943e+01 3.0436e+00 -1.4778e-01 6.2583e+09
4.8943e+01 3.0418e+00 -2.0408e-01 6.3925e+09
4.8943e+01 3.0367e+00 -4.3205e-01 7.0609e+09
4.8943e+01 3.0308e+00 1.9800e-01 5.5187e+09
4.8943e+01 3.0397e+00 -2.1365e-01 6.3029e+09
4.8944e+01 3.0043e+00 7.7109e-01 4.5125e+09
4.8944e+01 3.0053e+00 7.7341e-01 4.4570e+09
4.8944e+01 3.0372e+00 -4.4714e-01 6.8250e+09
4.8944e+01 3.0380e+00 -4.5858e-01 6.7734e+09
4.8944e+01 3.0089e+00 1.2346e+00 3.0637e+09
4.8944e+01 3.0081e+00 1.2251e+00 3.0363e+09
4.8945e+01 3.0337e+00 -6.7153e-01 7.5575e+09
4.8945e+01 3.0355e+00 -6.8235e-01 7.5257e+09
4.8945e+01 3.0484e+00 -2.3169e-01 5.6444e+09
4.8945e+01 3.0493e+00 -3.7591e-01 5.9663e+09
4.8945e+01 3.0470e+00 -4.7448e-01 6.2563e+09
4.8946e+01 3.0482e+00 -4.6995e-01 6.2489e+09
4.8946e+01 3.0526e+00 -3.6903e-01 5.9556e+09
4.8946e+01 3.0534e+00 -3.5150e-01 5.9509e+09
4.8946e+01 3.0455e+00 -5.6196e-01 6.6963e+09
4.8947e+01 3.0473e+00 -5.4421e-01 6.6763e+09
4.8947e+01 3.0478e+00 -5.4664e-01 6.7372e+09
4.8947e+01 3.0491e+00 -5.3124e-01 6.7347e+09
4.8947e+01 3.0471e+00 2.4470e-02 5.4483e+09
4.8947e+01 3.0464e+00 4.7655e-02 5.4663e+09
4.8948e+01 3.0549e+00 -9.0997e-01 9.4726e+09
4.8948e+01 3.0042e+00 1.0175e+00 4.0426e+09
4.8948e+01 3.0516e+00 -9.0647e-01 9.4890e+09
4.8948e+01 3.0056e+00 1.0133e+00 4.0943e+09
4.8948e+01 3.0346e+00 -7.0195e-01 7.9814e+09
4.8949e+01 3.0451e+00 1.1997e-01 5.4982e+09
4.8949e+01 3.0456e+00 8.6632e-02 5.5521e+09
4.8949e+01 3.0330e+00 -7.0785e-01 8.0843e+09
4.8949e+01 3.0443e+00 -8.8265e-04 5.6743e+09
4.8949e+01 3.0437e+00 -1.1252e-02 5.6804e+09
4.8950e+01 3.0311e+00 1.3782e+00 2.7177e+09
4.8950e+01 3.0310e+00 1.3811e+00 2.7053e+09
4.8950e+01 3.0078e+00 1.0175e+00 3.9893e+09
4.8950e+01 3.0266e+00 5.3360e-01 4.8236e+09
4.8950e+01 3.0251e+00 5.6534e-01 4.7794e+09
4.8951e+01 3.0071e+00 1.0508e+00 3.9093e+09
4.8951e+01 3.0324e+00 3.2744e-01 5.1376e+09
4.8951e+01 3.0147e+00 7.3967e-01 4.5046e+09
4.8951e+01 3.0133e+00 7.5982e-01 4.4564e+09
4.8951e+01 3.0285e+00 3.9933e-01 4.9865e+09
4.8951e+01 3.0227e+00 5.6420e-01 4.7172e+09
4.8952e+01 3.0163e+00 6.8756e-01 4.4816e+09
4.8952e+01 3.0160e+00 6.9255e-01 4.4305e+09
4.8952e+01 3.0214e+00 5.9101e-01 4.5399e+09
4.8952e+01 3.0417e+00 -4.6207e-01 6.5169e+09
4.8952e+01 3.0410e+00 -4.5842e-01 6.4487e+09
4.8953e+01 3.0297e+00 -6.0628e-01 7.1011e+09
4.8953e+01 3.0368e+00 -7.4399e-01 8.1499e+09
4.8953e+01 3.0294e+00 -5.6639e-01 6.8734e+09
4.8953e+01 3.0395e+00 -7.8420e-01 8.6695e+09
4.8953e+01 3.0212e+00 -6.4058e-01 7.4797e+09
4.8954e+01 3.0287e+00 -5.0889e-01 6.7317e+09
4.8954e+01 3.0279e+00 -5.0968e-01 6.8053e+09
4.8954e+01 3.0231e+00 -5.7145e-01 7.2148e+09
4.8954e+01 3.0357e+00 -2.7695e-01 6.0841e+09
4.8954e+01 3.0284e+00 -5.3253e-01 7.1081e+09
4.8955e+01 3.0290e+00 -5.3871e-01 7.1718e+09
4.8955e+01 3.0273e+00 -5.7932e-01 7.3829e+09
4.8955e+01 3.0389e+00 -3.8446e-01 6.4781e+09
4.8955e+01 3.0121e+00 4.5950e-01 4.7828e+09
4.8955e+01 3.0308e+00 -6.9386e-01 8.0444e+09
4.8956e+01 3.0304e+00 -6.9260e-01 7.9073e+09
4.8956e+01 3.0325e+00 -7.0580e-01 7.9003e+09
4.8956e+01 3.0176e+00 4.1185e-01 4.7602e+09
4.8956e+01 3.0511e+00 -8.8643e-01 9.2270e+09
4.8957e+01 3.0366e+00 -5.7588e-01 6.9205e+09
4.8957e+01 3.0271e+00 2.5230e-01 5.0134e+09
4.8957e+01 3.0443e+00 -2.1903e-01 5.8788e+09
4.8957e+01 3.0397e+00 -5.5532e-01 6.8869e+09
4.8957e+01 3.0307e+00 -6.9239e-01 7.5815e+09
4.8958e+01 3.0320e+00 -6.8775e-01 7.6032e+09
4.8958e+01 3.0490e+00 -3.9981e-01 6.5089e+09
4.8958e+01 3.0339e+00 -6.8262e-01 7.6927e+09
4.8958e+01 3.0478e+00 -1.7084e-02 5.7318e+09
4.8958e+01 3.0388e+00 -6.3857e-01 7.5604e+09
4.8958e+01 3.0476e+00 -4.6172e-04 5.7235e+09
4.8959e+01 3.0041e+00 1.1180e+00 3.8254e+09
4.8959e+01 3.0495e+00 -1.0948e-01 5.9343e+09
4.8959e+01 3.0377e+00 -6.7768e-01 8.1260e+09
4.8959e+01 3.0379e+00 -6.6918e-01 8.1417e+09
4.8959e+01 3.0493e+00 -2.2535e-01 6.1721e+09
4.8960e+01 3.0442e+00 9.2695e-02 5.4674e+09
4.8960e+01 3.0447e+00 9.9645e-02 5.4288e+09
4.8960e+01 3.0453e+00 1.1218e-01 5.3696e+09
4.8960e+01 3.0401e+00 -6.7423e-01 8.3438e+09
4.8961e+01 3.0505e+00 -1.7198e-01 5.8878e+09
4.8961e+01 3.0338e+00 -6.2048e-01 7.7002e+09
4.8961e+01 3.0328e+00 -6.1911e-01 7.6052e+09
4.8961e+01 3.0444e+00 -3.9277e-01 6.3837e+09
4.8961e+01 3.0418e+00 -4.4129e-01 6.5191e+09
4.8962e+01 3.0298e+00 -6.2037e-01 7.4057e+09
4.8962e+01 3.0286e+00 -6.1879e-01 7.3641e+09
4.8962e+01 3.0418e+00 -3.9159e-01 6.3207e+09
4.8962e+01 3.0453e+00 -2.3957e-01 5.9401e+09
4.8962e+01 3.0454e+00 -2.1504e-01 5.9447e+09
4.8963e+01 3.0453e+00 -2.9678e-01 6.2277e+09
4.8963e+01 3.0467e+00 -1.3646e-01 5.9452e+09
4.8963e+01 3.0344e+00 -5.6091e-01 7.3481e+09
4.8963e+01 3.0477e+00 2.4630e-02 5.8201e+09
4.8963e+01 3.0505e+00 -2.1997e-01 6.3977e+09
4.8964e+01 3.0504e+00 2.9066e-02 5.9490e+09
4.8964e+01 3.0465e+00 1.6302e-01 5.7512e+09
4.8964e+01 3.0401e+00 3.3529e-01 5.4853e+09
4.8964e+01 3.0471e+00 1.6434e-01 5.7770e+09
4.8964e+01 3.0392e+00 -5.4935e-01 7.8126e+09
4.8965e+01 3.0504e+00 -3.2840e-01 6.9501e+09
4.8965e+01 3.0482e+00 -3.3317e-01 6.9534e+09
4.8965e+01 3.0197e+00 4.9667e-01 5.0821e+09
4.8965e+01 3.0363e+00 9.6968e-02 5.7427e+09
4.8965e+01 3.0266e+00 2.7447e-01 5.3431e+09
4.8965e+01 3.0105e+00 5.6893e-01 4.7779e+09
4.8966e+01 2.9984e+00 9.2572e-01 4.0389e+09
4.8966e+01 3.0388e+00 -5.5933e-02 5.8651e+09
4.8966e+01 3.0426e+00 -1.5389e-01 6.0261e+09
4.8966e+01 3.0432e+00 -3.4572e-01 6.4913e+09
4.8966e+01 3.0358e+00 1.4384e-01 5.3126e+09
4.8967e+01 3.0430e+00 -4.5536e-01 6.6710e+09
4.8967e+01 3.0474e+00 -2.8255e-01 6.0711e+09
4.8967e+01 3.0420e+00 -2.1820e-02 5.4508e+09
4.8967e+01 3.0402e+00 -7.7995e-01 8.1513e+09
4.8967e+01 3.0485e+00 -2.4403e-01 5.7829e+09
4.8968e+01 3.0353e+00 -6.8440e-01 7.2692e+09
4.8968e+01 3.0037e+00 1.2372e+00 2.7782e+09
4.8968e+01 3.0512e+00 -3.8601e-01 6.0106e+09
4.8968e+01 3.0399e+00 -7.5693e-01 7.6512e+09
4.8968e+01 3.0510e+00 -4.3393e-01 6.1525e+09
4.8969e+01 3.0362e+00 -6.5708e-01 7.0867e+09
4.8969e+01 3.0497e+00 -8.0510e-01 8.2198e+09
4.8969e+01 3.0487e+00 -7.9392e-01 8.2554e+09
4.8969e+01 3.0408e+00 -5.5741e-01 6.8234e+09
4.8969e+01 3.0360e+00 -6.0500e-01 7.1605e+09
4.8970e+01 3.0417e+00 -5.2969e-01 6.8696e+09
4.8970e+01 3.0375e+00 3.3591e-01 4.9108e+09
4.8970e+01 3.0107e+00 9.6750e-01 3.8890e+09
4.8970e+01 3.0475e+00 -3.7907e-01 6.4561e+09
4.8971e+01 3.0451e+00 -4.3023e-01 6.6592e+09
4.8971e+01 3.0315e+00 -6.0334e-01 7.4705e+09
4.8971e+01 3.0462e+00 -7.2307e-02 5.6559e+09
4.8971e+01 3.0283e+00 -6.7602e-01 7.9541e+09
4.8971e+01 3.0435e+00 -3.3568e-02 5.5322e+09
4.8972e+01 3.0362e+00 -4.9299e-01 6.7863e+09
4.8972e+01 3.0125e+00 8.0385e-01 4.2207e+09
4.8972e+01 3.0396e+00 -3.1187e-01 6.1234e+09
4.8972e+01 3.0388e+00 -3.0415e-01 6.1040e+09
4.8972e+01 3.0092e+00 1.2098e+00 3.3404e+09
4.8972e+01 3.0334e+00 -4.5563e-01 6.5919e+09
4.8973e+01 3.0101e+00 1.2404e+00 3.2298e+09
4.8973e+01 3.0091e+00 1.2353e+00 3.2509e+09
4.8973e+01 3.0375e+00 -3.0640e-02 5.5588e+09
4.8973e+01 3.0282e+00 -6.3754e-01 7.6309e+09
4.8973e+01 3.0291e+00 -6.3491e-01 7.6507e+09
4.8974e+01 3.0348e+00 1.3565e-01 5.3702e+09
4.8974e+01 3.0487e+00 -8.3571e-01 9.4086e+09
4.8974e+01 3.0501e+00 -8.3719e-01 9.4725e+09
4.8974e+01 3.0387e+00 -5.0127e-02 5.8055e+09
4.8975e+01 3.0375e+00 -2.0548e-02 5.7673e+09
4.8975e+01 3.0330e+00 8.5282e-02 5.5926e+09
4.8975e+01 3.0334e+00 6.2573e-02 5.6641e+09
4.8975e+01 3.0346e+00 3.2180e-02 5.7377e+09
4.8975e+01 3.0381e+00 -6.9380e-02 5.9773e+09
4.8976e+01 3.0438e+00 -2.7536e-01 6.5085e+09
4.8976e+01 3.0076e+00 5.0101e-01 4.8968e+09
4.8976e+01 3.0123e+00 4.7167e-01 4.9270e+09
4.8976e+01 3.0133e+00 4.9465e-01 4.8649e+09
4.8976e+01 3.0052e+00 6.8843e-01 4.4860e+09
4.8977e+01 3.0265e+00 3.9034e-01 4.9822e+09
4.8977e+01 3.0299e+00 3.7791e-01 4.9793e+09
4.8977e+01 3.0126e+00 7.1097e-01 4.4257e+09
4.8977e+01 3.0538e+00 -3.0456e-01 6.2283e+09
4.8977e+01 3.0514e+00 -3.7313e-01 6.3895e+09
4.8978e+01 3.0534e+00 -2.7432e-01 6.0982e+09
4.8978e+01 3.0514e+00 -3.4767e-01 6.2854e+09
4.8978e+01 3.0518e+00 -2.5657e-01 6.0321e+09
4.8978e+01 3.0513e+00 -2.4785e-01 6.0101e+09
4.8978e+01 3.0410e+00 -5.0685e-01 6.8379e+09
4.8979e+01 3.0406e+00 -5.0381e-01 6.8315e+09
4.8979e+01 3.0361e+00 -7.2637e-01 8.2179e+09
4.8979e+01 3.0371e+00 -5.4071e-01 7.0011e+09
4.8979e+01 3.0491e+00 -2.9832e-01 6.1350e+09
4.8979e+01 3.0492e+00 -2.8521e-01 6.0957e+09
4.8979e+01 3.0432e+00 -4.7213e-01 6.7127e+09
4.8980e+01 3.0361e+00 -5.8410e-01 7.2472e+09
4.8980e+01 3.0384e+00 -5.7563e-01 7.2206e+09
4.8980e+01 3.0502e+00 -4.2573e-01 6.6085e+09
4.8980e+01 3.0497e+00 -4.7156e-01 6.8152e+09
4.8980e+01 3.0417e+00 -7.1328e-01 8.2455e+09
4.8981e+01 3.0426e+00 -7.0386e-01 8.2067e+09
4.8981e+01 3.0582e+00 -4.2091e-01 6.8037e+09
4.8981e+01 3.0575e+00 -4.6521e-01 7.0097e+09
4.8981e+01 3.0599e+00 -4.5279e-01 7.0328e+09
4.8981e+01 3.0472e+00 -7.0034e-01 8.3946e+09
4.8982e+01 3.0470e+00 -6.9633e-01 8.4154e+09
4.8982e+01 3.0584e+00 -8.0011e-01 9.4055e+09
4.8982e+01 3.0515e+00 -5.9642e-01 7.7642e+09
4.8982e+01 3.0440e+00 3.4184e-01 5.4493e+09
4.8982e+01 3.0419e+00 3.3230e-01 5.4211e+09
4.8983e+01 3.0532e+00 -5.1632e-01 7.3189e+09
4.8983e+01 3.0569e+00 -2.8320e-01 6.4953e+09
4.8983e+01 3.0011e+00 9.2570e-01 4.3703e+09
4.8983e+01 3.0539e+00 -3.0565e-01 6.4673e+09
4.8983e+01 3.0415e+00 -5.9933e-01 7.5143e+09
4.8984e+01 3.0423e+00 -5.6441e-01 7.2930e+09
4.8984e+01 3.0452e+00 -4.5194e-01 6.7781e+09
4.8984e+01 3.0380e+00 -5.8572e-01 7.3202e+09
4.8984e+01 3.0419e+00 -7.2093e-01 8.1849e+09
4.8985e+01 3.0429e+00 -7.3019e-01 8.2283e+09
4.8985e+01 3.0424e+00 2.3195e-02 5.5626e+09
4.8985e+01 3.0386e+00 1.1136e-01 5.3996e+09
4.8985e+01 3.0303e+00 1.3834e+00 1.4139e+09
4.8985e+01 3.0072e+00 7.7632e-01 4.3745e+09
4.8986e+01 3.0304e+00 1.3852e+00 1.4006e+09
4.8986e+01 3.0069e+00 1.1988e+00 3.3069e+09
4.8986e+01 3.0243e+00 4.1483e-01 4.8828e+09
4.8986e+01 3.0236e+00 4.2536e-01 4.8585e+09
4.8986e+01 3.0225e+00 4.3961e-01 4.8277e+09
4.8986e+01 3.0002e+00 1.1125e+00 3.6434e+09
4.8987e+01 3.0257e+00 -6.1300e-01 7.3895e+09
4.8987e+01 3.0246e+00 -6.0818e-01 7.3907e+09
4.8987e+01 3.0317e+00 -4.9252e-01 6.8176e+09
4.8987e+01 3.0311e+00 -4.8987e-01 6.8219e+09
4.8987e+01 3.0400e+00 -8.3522e-01 9.6253e+09
4.8988e+01 3.0392e+00 -8.3228e-01 9.5955e+09
4.8988e+01 3.0217e+00 -6.6012e-01 7.8609e+09
4.8988e+01 3.0174e+00 -6.3457e-01 7.5587e+09
4.8988e+01 3.0249e+00 -7.0385e-01 8.1276e+09
4.8989e+01 3.0251e+00 -7.0547e-01 8.0370e+09
4.8989e+01 3.0381e+00 -8.4259e-01 9.3286e+09
4.8989e+01 3.0398e+00 -8.4786e-01 9.2388e+09
4.8989e+01 3.0154e+00 5.5893e-01 4.3694e+09
4.8989e+01 3.0320e+00 1.8960e-01 4.8815e+09
4.8990e+01 3.0157e+00 6.3485e-01 4.3170e+09
4.8990e+01 3.0339e+00 2.6327e-01 4.8688e+09
4.8990e+01 3.0318e+00 -6.3729e-01 7.2346e+09
4.8990e+01 3.0428e+00 -5.3512e-01 6.7941e+09
4.8990e+01 3.0377e+00 -6.2626e-01 7.3070e+09
4.8991e+01 3.0485e+00 -5.1135e-01 6.8569e+09
4.8991e+01 3.0572e+00 -1.6486e-01 5.9712e+09
4.8991e+01 3.0575e+00 -4.0560e-01 6.6552e+09
4.8991e+01 3.0605e+00 -1.3934e-01 6.0465e+09
4.8991e+01 3.0594e+00 -3.9135e-01 6.7135e+09
4.8992e+01 3.0547e+00 1.3612e-01 5.5921e+09
4.8992e+01 3.0602e+00 -2.8445e-01 6.4613e+09
4.8992e+01 3.0543e+00 1.2042e-01 5.6161e+09
4.8992e+01 3.0592e+00 -9.9055e-02 6.0156e+09
4.8992e+01 3.0580e+00 -9.7899e-02 5.9848e+09
4.8993e+01 3.0503e+00 1.4895e-01 5.5124e+09
4.8993e+01 3.0559e+00 -1.5918e-01 6.0570e+09
4.8993e+01 3.0514e+00 6.2906e-02 5.5966e+09
4.8993e+01 3.0368e+00 -6.5881e-01 7.8501e+09
4.8993e+01 3.0094e+00 1.0128e+00 3.9564e+09
4.8993e+01 3.0382e+00 3.4758e-01 5.0512e+09
4.8994e+01 3.0382e+00 -6.8677e-01 7.9472e+09
4.8994e+01 3.0371e+00 -5.5800e-01 7.0822e+09
4.8994e+01 3.0364e+00 -6.8874e-01 7.8633e+09
4.8994e+01 3.0413e+00 -1.6107e-01 5.7267e+09
4.8994e+01 3.0326e+00 -5.2878e-01 6.8057e+09
4.8995e+01 3.0347e+00 -4.2797e-01 6.3838e+09
4.8995e+01 3.0350e+00 -2.7565e-01 5.9212e+09
4.8995e+01 3.0337e+00 -2.7157e-01 5.9062e+09
4.8995e+01 3.0289e+00 -1.0104e-01 5.5267e+09
4.8995e+01 3.0245e+00 4.3079e-02 5.2845e+09
4.8996e+01 3.0302e+00 -4.2107e-01 6.4433e+09
4.8996e+01 3.0294e+00 -1.7338e-01 5.8173e+09
4.8996e+01 3.0324e+00 -2.9408e-01 6.1881e+09
4.8996e+01 3.0307e+00 -5.0288e-01 6.9859e+09
4.8996e+01 3.0091e+00 6.1758e-01 4.7326e+09
4.8997e+01 3.0362e+00 -2.2589e-01 6.2536e+09
4.8997e+01 3.0349e+00 -5.0185e-01 7.1823e+09
4.8997e+01 3.0391e+00 -2.0864e-01 6.3099e+09
4.8997e+01 3.0289e+00 1.3939e+00 2.9431e+09
4.8997e+01 3.0404e+00 -1.0579e-01 6.0914e+09
4.8998e+01 3.0415e+00 -1.8899e-01 6.2724e+09
4.8998e+01 3.0434e+00 -3.0260e-01 6.5224e+09
4.8998e+01 3.0375e+00 5.2420e-02 5.7346e+09
4.8998e+01 3.0376e+00 5.7740e-02 5.6822e+09
4.8999e+01 3.0452e+00 -2.9525e-01 6.4151e+09
4.8999e+01 3.0137e+00 6.3797e-01 4.7457e+09
4.8999e+01 3.0462e+00 -2.7259e-01 6.2972e+09
4.8999e+01 3.0469e+00 -2.8255e-01 6.3089e+09
4.8999e+01 3.0184e+00 5.7585e-01 4.7412e+09
4.9000e+01 3.0365e+00 2.0121e-01 5.2806e+09
4.9000e+01 3.0450e+00 -1.1641e-01 5.8322e+09
4.9000e+01 3.0445e+00 -1.2692e-01 5.8301e+09
4.9000e+01 3.0392e+00 1.6706e-01 5.2556e+09
4.9000e+01 3.0117e+00 7.8605e-01 4.3047e+09
4.9000e+01 3.0200e+00 -6.3075e-01 7.6170e+09
4.9001e+01 3.0105e+00 8.1177e-01 4.2228e+09
4.9001e+01 3.0204e+00 -6.1091e-01 7.4764e+09
4.9001e+01 3.0061e+00 1.1216e+00 3.5712e+09
4.9001e+01 3.0063e+00 1.1356e+00 3.5161e+09
4.9001e+01 3.0333e+00 -7.5754e-01 8.8189e+09
4.9002e+01 3.0344e+00 -7.5269e-01 8.7535e+09
4.9002e+01 3.0017e+00 9.4818e-01 3.9125e+09
4.9002e+01 3.0352e+00 2.3111e-01 5.0350e+09
4.9002e+01 3.0149e+00 6.1276e-01 4.4257e+09
4.9003e+01 3.0337e+00 2.6460e-01 4.9507e+09
4.9003e+01 3.0459e+00 -7.8391e-01 8.8484e+09
4.9003e+01 3.0460e+00 -9.7527e-02 5.5775e+09
4.9003e+01 3.0468e+00 -1.0168e-01 5.5751e+09
4.9003e+01 3.0525e+00 -8.0346e-01 8.7831e+09
4.9004e+01 3.0334e+00 2.9782e-01 4.8808e+09
4.9004e+01 3.0498e+00 -7.6812e-01 8.3106e+09
4.9004e+01 3.0349e+00 2.9502e-01 4.8869e+09
4.9004e+01 3.0488e+00 -7.7881e-01 8.2908e+09
4.9004e+01 3.0407e+00 -5.5726e-01 6.8048e+09
4.9005e+01 3.0401e+00 -5.6466e-01 6.8445e+09
4.9005e+01 3.0359e+00 -6.0147e-01 7.0372e+09
4.9005e+01 3.0455e+00 3.0250e-02 5.3462e+09
4.9005e+01 3.0299e+00 -6.2704e-01 7.2466e+09
4.9005e+01 3.0282e+00 -6.3215e-01 7.3339e+09
4.9006e+01 3.0454e+00 -1.7634e-01 5.8371e+09
4.9006e+01 3.0441e+00 -1.9434e-01 5.9122e+09
4.9006e+01 3.0433e+00 -2.6647e-01 6.1071e+09
4.9006e+01 3.0386e+00 -4.1662e-01 6.5471e+09
4.9006e+01 3.0417e+00 -2.8951e-01 6.1782e+09
4.9007e+01 3.0374e+00 -4.3180e-01 6.5850e+09
4.9007e+01 3.0413e+00 -2.8092e-01 6.1173e+09
4.9007e+01 3.0027e+00 9.0747e-01 4.0868e+09
4.9007e+01 3.0410e+00 -2.8402e-01 6.0839e+09
4.9007e+01 3.0022e+00 9.0696e-01 3.9746e+09
4.9007e+01 3.0398e+00 -2.8295e-01 5.9732e+09
4.9008e+01 3.0286e+00 -5.9910e-01 7.1611e+09
4.9008e+01 3.0392e+00 -2.8643e-01 5.8721e+09
4.9008e+01 3.0288e+00 -5.9746e-01 7.0842e+09
4.9008e+01 3.0175e+00 4.1699e-01 4.4468e+09
4.9008e+01 3.0336e+00 -7.2147e-01 8.1078e+09
4.9009e+01 3.0170e+00 4.0610e-01 4.4136e+09
4.9009e+01 3.0320e+00 -7.1627e-01 8.1011e+09
4.9009e+01 3.0379e+00 -4.3698e-01 6.2518e+09
4.9009e+01 3.0369e+00 -4.4026e-01 6.2729e+09
4.9009e+01 3.0297e+00 1.3440e-01 4.9384e+09
4.9010e+01 3.0354e+00 -4.0169e-01 6.2121e+09
4.9010e+01 3.0265e+00 1.3428e-01 5.0314e+09
