2.1587 2.2100 1.9360
2.1740 2.2408 1.9360
2.1456 2.2231 1.9360
2.0916 2.1789 1.9360
1.9979 2.1024 1.9360
1.8930 2.0010 1.9360
1.7711 1.8887 1.9360
1.6291 1.7583 1.9360
1.4111 1.5598 1.9360
1.2672 1.4192 1.9360
1.1938 1.3364 1.9360
1.1111 1.2507 1.9360
1.0060 1.1370 1.9360
0.9886 1.1160 1.9360
0.9816 1.1066 1.9360
0.9818 1.1075 1.9478
0.9877 1.1149 1.9478
0.9964 1.1271 1.9478
1.0066 1.1435 1.9478
1.0190 1.1685 1.9478
1.0271 1.1929 1.9478
1.0290 1.2208 1.9478
1.0207 1.2553 1.9478
0.9624 1.3107 1.9478
0.7685 1.4002 1.9478
-0.1699 1.6379 1.9478
1.5554 -1.6183 1.9478
1.4259 1.0317 1.9478
1.4566 1.3331 1.9478
