-0.5351 -0.5593 -0.1765
-1.0687 -1.1284 -0.1765
-1.0360 -1.0930 -0.1765
-1.0350 -1.0919 -0.1765
-1.0349 -1.0920 -0.1765
-1.0685 -1.1283 -0.1765
-0.9781 -1.0326 -0.1765
-0.9187 -0.9699 -0.1765
-0.8747 -0.9239 -0.1765
-0.8178 -0.9059 -0.1765
-0.7697 -0.8538 -0.1978
-0.7087 -0.7905 -0.1978
-0.6464 -0.7267 -0.1978
-0.5781 -0.6567 -0.1978
-0.5020 -0.5787 -0.1978
-0.4315 -0.5070 -0.1978
-0.3608 -0.4356 -0.1978
-0.2889 -0.3633 -0.1978
-0.2089 -0.2832 -0.1978
-0.1710 -0.1610 -0.1978
-0.1335 -0.0583 -0.1978
-0.0570 0.0193 -0.1978
0.0272 0.1053 -0.1978
0.1033 0.1833 -0.1978
0.1811 0.2637 -0.1978
0.2587 0.3443 -0.1978
0.3497 0.4395 -0.1978
0.4278 0.5217 -0.1978
0.5094 0.6084 -0.1978
0.5916 0.6967 -0.1978
0.6923 0.8065 -0.1978
0.7791 0.9023 -0.1978
0.8950 0.9662 -0.1978
0.9750 1.0524 -0.1978
1.0364 1.1214 -0.2163
1.0646 1.1533 -0.2163
1.0878 1.1804 -0.2163
1.1107 1.2078 -0.2163
1.1126 1.2186 -0.2163
1.0843 1.1932 -0.2163
1.0605 1.1735 -0.2163
1.0317 1.1510 -0.2163
0.8190 0.9256 -0.2163
0.6822 0.7826 -0.2163
0.5806 0.6786 -0.2163
