0.3900 0.4400 0.5000
0.3900 0.4400 0.4995
0.3900 0.4400 0.4989
0.3900 0.4400 0.4984
0.3900 0.4400 0.4979
0.3900 0.4400 0.4973
0.3900 0.4400 0.4968
0.3900 0.4400 0.4962
0.3900 0.4400 0.4957
0.3900 0.4400 0.4952
0.3900 0.4400 0.4946
0.3900 0.4400 0.4941
0.3900 0.4400 0.4936
0.3900 0.4400 0.4930
0.3900 0.4400 0.4925
0.3900 0.4400 0.4919
0.3900 0.4400 0.4914
0.3900 0.4400 0.4909
0.3900 0.4400 0.4903
0.3900 0.4400 0.4898
0.3900 0.4400 0.4893
0.3900 0.4400 0.4887
0.3900 0.4400 0.4882
0.3900 0.4400 0.4876
0.3900 0.4400 0.4871
0.3900 0.4400 0.4866
0.3900 0.4400 0.4860
0.3900 0.4400 0.4855
0.3900 0.4400 0.4850
0.3900 0.4400 0.4844
0.3900 0.4400 0.4839
0.3900 0.4400 0.4833
0.3900 0.4400 0.4828
0.3900 0.4400 0.4823
0.3900 0.4400 0.4817
0.3900 0.4400 0.4812
0.3900 0.4400 0.4807
0.3900 0.4400 0.4801
0.3900 0.4400 0.4796
0.3900 0.4400 0.4790
0.3900 0.4400 0.4785
0.3900 0.4400 0.4780
0.3900 0.4400 0.4774
0.3900 0.4400 0.4769
0.3900 0.4400 0.4764
0.3900 0.4400 0.4758
0.3900 0.4400 0.4753
0.3900 0.4400 0.4747
0.3900 0.4400 0.4742
0.3900 0.4400 0.4737
0.3900 0.4400 0.4731
0.3900 0.4400 0.4726
0.3900 0.4400 0.4721
0.3900 0.4400 0.4715
0.3900 0.4400 0.4710
0.3900 0.4400 0.4704
0.3900 0.4400 0.4699
0.3900 0.4400 0.4694
0.3900 0.4400 0.4688
0.3900 0.4400 0.4683
0.3900 0.4400 0.4678
0.3900 0.4400 0.4672
0.3900 0.4400 0.4667
0.3900 0.4400 0.4661
0.3900 0.4400 0.4656
0.3900 0.4400 0.4651
0.3900 0.4400 0.4645
0.3900 0.4400 0.4640
0.3900 0.4400 0.4635
0.3900 0.4400 0.4629
0.3900 0.4400 0.4624
0.3900 0.4400 0.4619
0.3900 0.4400 0.4613
0.3900 0.4400 0.4608
0.3900 0.4400 0.4602
0.3900 0.4400 0.4597
0.3900 0.4400 0.4592
0.3900 0.4400 0.4586
0.3900 0.4400 0.4581
0.3900 0.4400 0.4576
0.3900 0.4400 0.4570
0.3900 0.4400 0.4565
0.3900 0.4400 0.4559
0.3900 0.4400 0.4554
0.3900 0.4400 0.4549
0.3900 0.4400 0.4543
0.3900 0.4400 0.4538
0.3900 0.4400 0.4533
0.3900 0.4400 0.4527
0.3900 0.4400 0.4522
0.3900 0.4400 0.4516
0.3900 0.4400 0.4511
0.3900 0.4400 0.4506
0.3900 0.4400 0.4500
0.3900 0.4400 0.4495
0.3900 0.4400 0.4490
0.3900 0.4400 0.4484
0.3900 0.4400 0.4479
0.3900 0.4400 0.4473
0.3900 0.4400 0.4468
0.3900 0.4400 0.4463
0.3900 0.4400 0.4457
0.3900 0.4400 0.4452
0.3900 0.4400 0.4447
0.3900 0.4400 0.4441
0.3900 0.4400 0.4436
0.3900 0.4400 0.4430
0.3900 0.4400 0.4425
0.3900 0.4400 0.4420
0.3900 0.4400 0.4414
0.3900 0.4400 0.4409
0.3900 0.4400 0.4404
0.3900 0.4400 0.4398
0.3900 0.4400 0.4393
0.3900 0.4400 0.4387
0.3900 0.4400 0.4382
0.3900 0.4400 0.4377
0.3900 0.4400 0.4371
0.3900 0.4400 0.4366
0.3900 0.4400 0.4361
0.3900 0.4400 0.4355
0.3900 0.4400 0.4350
0.3900 0.4400 0.4344
0.3900 0.4400 0.4339
0.3900 0.4400 0.4334
0.3900 0.4400 0.4328
0.3900 0.4400 0.4323
0.3900 0.4400 0.4318
0.3900 0.4400 0.4312
0.3900 0.4400 0.4307
0.3900 0.4400 0.4301
0.3900 0.4400 0.4296
0.3900 0.4400 0.4291
0.3900 0.4400 0.4285
0.3900 0.4400 0.4280
0.3900 0.4400 0.4275
0.3900 0.4400 0.4269
0.3900 0.4400 0.4264
0.3900 0.4400 0.4259
0.3900 0.4400 0.4253
0.3900 0.4400 0.4248
0.3900 0.4400 0.4242
0.3900 0.4400 0.4237
0.3900 0.4400 0.4232
0.3900 0.4400 0.4226
0.3900 0.4400 0.4221
0.3900 0.4400 0.4216
0.3900 0.4400 0.4210
0.3900 0.4400 0.4205
0.3900 0.4400 0.4199
0.3900 0.4400 0.4194
0.3900 0.4400 0.4189
0.3900 0.4400 0.4183
0.3900 0.4400 0.4178
0.3900 0.4400 0.4173
0.3900 0.4400 0.4167
0.3900 0.4400 0.4162
0.3900 0.4400 0.4156
0.3900 0.4400 0.4151
0.3900 0.4400 0.4146
0.3900 0.4400 0.4140
0.3900 0.4400 0.4135
0.3900 0.4400 0.4130
0.3900 0.4400 0.4124
0.3900 0.4400 0.4119
0.3900 0.4400 0.4113
0.3900 0.4400 0.4108
0.3900 0.4400 0.4103
0.3900 0.4400 0.4097
0.3900 0.4400 0.4092
0.3900 0.4400 0.4087
0.3900 0.4400 0.4081
0.3900 0.4400 0.4076
0.3900 0.4400 0.4070
0.3900 0.4400 0.4065
0.3900 0.4400 0.4060
0.3900 0.4400 0.4054
0.3900 0.4400 0.4049
0.3900 0.4400 0.4044
0.3900 0.4400 0.4038
0.3900 0.4400 0.4033
0.3900 0.4400 0.4027
0.3900 0.4400 0.4022
0.3900 0.4400 0.4017
0.3900 0.4400 0.4011
0.3900 0.4400 0.4006
0.3900 0.4400 0.4001
0.3900 0.4400 0.3995
0.3900 0.4400 0.3990
0.3900 0.4400 0.3984
0.3900 0.4400 0.3979
0.3900 0.4400 0.3974
0.3900 0.4400 0.3968
0.3900 0.4400 0.3963
0.3900 0.4400 0.3958
0.3900 0.4400 0.3952
0.3900 0.4400 0.3947
0.3900 0.4400 0.3941
0.3900 0.4400 0.3936
0.3900 0.4400 0.3931
0.3900 0.4400 0.3925
0.3900 0.4400 0.3920
0.3900 0.4400 0.3915
0.3900 0.4400 0.3909
0.3900 0.4400 0.3904
0.3900 0.4400 0.3899
0.3900 0.4400 0.3893
0.3900 0.4400 0.3888
0.3900 0.4400 0.3882
0.3900 0.4400 0.3877
0.3900 0.4400 0.3872
0.3900 0.4400 0.3866
0.3900 0.4400 0.3861
0.3900 0.4400 0.3856
0.3900 0.4400 0.3850
0.3900 0.4400 0.3845
0.3900 0.4400 0.3839
0.3900 0.4400 0.3834
0.3900 0.4400 0.3829
0.3900 0.4400 0.3823
0.3900 0.4400 0.3818
0.3900 0.4400 0.3813
0.3900 0.4400 0.3807
0.3900 0.4400 0.3802
0.3900 0.4400 0.3796
0.3900 0.4400 0.3791
0.3900 0.4400 0.3786
0.3900 0.4400 0.3780
0.3900 0.4400 0.3775
0.3900 0.4400 0.3770
0.3900 0.4400 0.3764
0.3900 0.4400 0.3759
0.3900 0.4400 0.3753
0.3900 0.4400 0.3748
0.3900 0.4400 0.3743
0.3900 0.4400 0.3737
0.3900 0.4400 0.3732
0.3900 0.4400 0.3727
0.3900 0.4400 0.3721
0.3900 0.4400 0.3716
0.3900 0.4400 0.3710
0.3900 0.4400 0.3705
0.3900 0.4400 0.3700
0.3900 0.4400 0.3694
0.3900 0.4400 0.3689
0.3900 0.4400 0.3684
0.3900 0.4400 0.3678
0.3900 0.4400 0.3673
0.3900 0.4400 0.3667
0.3900 0.4400 0.3662
0.3900 0.4400 0.3657
0.3900 0.4400 0.3651
0.3900 0.4400 0.3646
0.3900 0.4400 0.3641
0.3900 0.4400 0.3635
0.3900 0.4400 0.3630
0.3900 0.4400 0.3624
0.3900 0.4400 0.3619
0.3900 0.4400 0.3614
0.3900 0.4400 0.3608
0.3900 0.4400 0.3603
0.3900 0.4400 0.3598
0.3900 0.4400 0.3592
0.3900 0.4400 0.3587
0.3900 0.4400 0.3581
0.3900 0.4400 0.3576
0.3900 0.4400 0.3571
0.3900 0.4400 0.3565
0.3900 0.4400 0.3560
0.3900 0.4400 0.3555
0.3900 0.4400 0.3549
0.3900 0.4400 0.3544
0.3900 0.4400 0.3539
0.3900 0.4400 0.3533
0.3900 0.4400 0.3528
0.3900 0.4400 0.3522
0.3900 0.4400 0.3517
0.3900 0.4400 0.3512
0.3900 0.4400 0.3506
0.3900 0.4400 0.3501
0.3900 0.4400 0.3496
0.3900 0.4400 0.3490
0.3900 0.4400 0.3485
0.3900 0.4400 0.3479
0.3900 0.4400 0.3474
0.3900 0.4400 0.3469
0.3900 0.4400 0.3463
0.3900 0.4400 0.3458
0.3900 0.4400 0.3453
0.3900 0.4400 0.3447
0.3900 0.4400 0.3442
0.3900 0.4400 0.3436
0.3900 0.4400 0.3431
0.3900 0.4400 0.3426
0.3900 0.4400 0.3420
0.3900 0.4400 0.3415
0.3900 0.4400 0.3410
0.3900 0.4400 0.3404
0.3900 0.4400 0.3399
0.3900 0.4400 0.3393
0.3900 0.4400 0.3388
0.3900 0.4400 0.3383
0.3900 0.4400 0.3377
0.3900 0.4400 0.3372
0.3900 0.4400 0.3367
0.3900 0.4400 0.3361
0.3900 0.4400 0.3356
0.3900 0.4400 0.3350
0.3900 0.4400 0.3345
0.3900 0.4400 0.3340
0.3900 0.4400 0.3334
0.3900 0.4400 0.3329
0.3900 0.4400 0.3324
0.3900 0.4400 0.3318
0.3900 0.4400 0.3313
0.3900 0.4400 0.3307
0.3900 0.4400 0.3302
0.3900 0.4400 0.3297
0.3900 0.4400 0.3291
0.3900 0.4400 0.3286
0.3900 0.4400 0.3281
0.3900 0.4400 0.3275
0.3900 0.4400 0.3270
0.3900 0.4400 0.3264
0.3900 0.4400 0.3259
0.3900 0.4400 0.3254
0.3900 0.4400 0.3248
0.3900 0.4400 0.3243
0.3900 0.4400 0.3238
0.3900 0.4400 0.3232
0.3900 0.4400 0.3227
0.3900 0.4400 0.3221
0.3900 0.4400 0.3216
0.3900 0.4400 0.3211
0.3900 0.4400 0.3205
0.3900 0.4400 0.3200
