-0.0250 0.0300 0.0900
-0.0250 0.0300 0.0895
-0.0250 0.0300 0.0890
-0.0250 0.0300 0.0885
-0.0250 0.0300 0.0880
-0.0250 0.0300 0.0875
-0.0250 0.0300 0.0870
-0.0250 0.0300 0.0864
-0.0250 0.0300 0.0859
-0.0250 0.0300 0.0854
-0.0250 0.0300 0.0849
-0.0250 0.0300 0.0844
-0.0250 0.0300 0.0839
-0.0250 0.0300 0.0834
-0.0250 0.0300 0.0829
-0.0250 0.0300 0.0824
-0.0250 0.0300 0.0819
-0.0250 0.0300 0.0814
-0.0250 0.0300 0.0809
-0.0250 0.0300 0.0804
-0.0250 0.0300 0.0799
-0.0250 0.0300 0.0793
-0.0250 0.0300 0.0788
-0.0250 0.0300 0.0783
-0.0250 0.0300 0.0778
-0.0250 0.0300 0.0773
-0.0250 0.0300 0.0768
-0.0250 0.0300 0.0763
-0.0250 0.0300 0.0758
-0.0250 0.0300 0.0753
-0.0250 0.0300 0.0748
-0.0250 0.0300 0.0743
-0.0250 0.0300 0.0738
-0.0250 0.0300 0.0733
-0.0250 0.0300 0.0727
-0.0250 0.0300 0.0722
-0.0250 0.0300 0.0717
-0.0250 0.0300 0.0712
-0.0250 0.0300 0.0707
-0.0250 0.0300 0.0702
-0.0250 0.0300 0.0697
-0.0250 0.0300 0.0692
-0.0250 0.0300 0.0687
-0.0250 0.0300 0.0682
-0.0250 0.0300 0.0677
-0.0250 0.0300 0.0672
-0.0250 0.0300 0.0667
-0.0250 0.0300 0.0661
-0.0250 0.0300 0.0656
-0.0250 0.0300 0.0651
-0.0250 0.0300 0.0646
-0.0250 0.0300 0.0641
-0.0250 0.0300 0.0636
-0.0250 0.0300 0.0631
-0.0250 0.0300 0.0626
-0.0250 0.0300 0.0621
-0.0250 0.0300 0.0616
-0.0250 0.0300 0.0611
-0.0250 0.0300 0.0606
-0.0250 0.0300 0.0601
-0.0250 0.0300 0.0596
-0.0250 0.0300 0.0590
-0.0250 0.0300 0.0585
-0.0250 0.0300 0.0580
-0.0250 0.0300 0.0575
-0.0250 0.0300 0.0570
-0.0250 0.0300 0.0565
-0.0250 0.0300 0.0560
-0.0250 0.0300 0.0555
-0.0250 0.0300 0.0550
-0.0250 0.0300 0.0545
-0.0250 0.0300 0.0540
-0.0250 0.0300 0.0535
-0.0250 0.0300 0.0530
-0.0250 0.0300 0.0524
-0.0250 0.0300 0.0519
-0.0250 0.0300 0.0514
-0.0250 0.0300 0.0509
-0.0250 0.0300 0.0504
-0.0250 0.0300 0.0499
-0.0250 0.0300 0.0494
-0.0250 0.0300 0.0489
-0.0250 0.0300 0.0484
-0.0250 0.0300 0.0479
-0.0250 0.0300 0.0474
-0.0250 0.0300 0.0469
-0.0250 0.0300 0.0464
-0.0250 0.0300 0.0459
-0.0250 0.0300 0.0453
-0.0250 0.0300 0.0448
-0.0250 0.0300 0.0443
-0.0250 0.0300 0.0438
-0.0250 0.0300 0.0433
-0.0250 0.0300 0.0428
-0.0250 0.0300 0.0423
-0.0250 0.0300 0.0418
-0.0250 0.0300 0.0413
-0.0250 0.0300 0.0408
-0.0250 0.0300 0.0403
-0.0250 0.0300 0.0398
-0.0250 0.0300 0.0393
-0.0250 0.0300 0.0387
-0.0250 0.0300 0.0382
-0.0250 0.0300 0.0377
-0.0250 0.0300 0.0372
-0.0250 0.0300 0.0367
-0.0250 0.0300 0.0362
-0.0250 0.0300 0.0357
-0.0250 0.0300 0.0352
-0.0250 0.0300 0.0347
-0.0250 0.0300 0.0342
-0.0250 0.0300 0.0337
-0.0250 0.0300 0.0332
-0.0250 0.0300 0.0327
-0.0250 0.0300 0.0321
-0.0250 0.0300 0.0316
-0.0250 0.0300 0.0311
-0.0250 0.0300 0.0306
-0.0250 0.0300 0.0301
-0.0250 0.0300 0.0296
-0.0250 0.0300 0.0291
-0.0250 0.0300 0.0286
-0.0250 0.0300 0.0281
-0.0250 0.0300 0.0276
-0.0250 0.0300 0.0271
-0.0250 0.0300 0.0266
-0.0250 0.0300 0.0261
-0.0250 0.0300 0.0256
-0.0250 0.0300 0.0250
-0.0250 0.0300 0.0245
-0.0250 0.0300 0.0240
-0.0250 0.0300 0.0235
-0.0250 0.0300 0.0230
-0.0250 0.0300 0.0225
-0.0250 0.0300 0.0220
-0.0250 0.0300 0.0215
-0.0250 0.0300 0.0210
-0.0250 0.0300 0.0205
-0.0250 0.0300 0.0200
-0.0250 0.0300 0.0195
-0.0250 0.0300 0.0190
-0.0250 0.0300 0.0184
-0.0250 0.0300 0.0179
-0.0250 0.0300 0.0174
-0.0250 0.0300 0.0169
-0.0250 0.0300 0.0164
-0.0250 0.0300 0.0159
-0.0250 0.0300 0.0154
-0.0250 0.0300 0.0149
-0.0250 0.0300 0.0144
-0.0250 0.0300 0.0139
-0.0250 0.0300 0.0134
-0.0250 0.0300 0.0129
-0.0250 0.0300 0.0124
-0.0250 0.0300 0.0119
-0.0250 0.0300 0.0113
-0.0250 0.0300 0.0108
-0.0250 0.0300 0.0103
-0.0250 0.0300 0.0098
-0.0250 0.0300 0.0093
-0.0250 0.0300 0.0088
-0.0250 0.0300 0.0083
-0.0250 0.0300 0.0078
-0.0250 0.0300 0.0073
-0.0250 0.0300 0.0068
-0.0250 0.0300 0.0063
-0.0250 0.0300 0.0058
-0.0250 0.0300 0.0053
-0.0250 0.0300 0.0047
-0.0250 0.0300 0.0042
-0.0250 0.0300 0.0037
-0.0250 0.0300 0.0032
-0.0250 0.0300 0.0027
-0.0250 0.0300 0.0022
-0.0250 0.0300 0.0017
-0.0250 0.0300 0.0012
-0.0250 0.0300 0.0007
-0.0250 0.0300 0.0002
-0.0250 0.0300 -0.0003
-0.0250 0.0300 -0.0008
-0.0250 0.0300 -0.0013
-0.0250 0.0300 -0.0019
-0.0250 0.0300 -0.0024
-0.0250 0.0300 -0.0029
-0.0250 0.0300 -0.0034
-0.0250 0.0300 -0.0039
-0.0250 0.0300 -0.0044
-0.0250 0.0300 -0.0049
-0.0250 0.0300 -0.0054
-0.0250 0.0300 -0.0059
-0.0250 0.0300 -0.0064
-0.0250 0.0300 -0.0069
-0.0250 0.0300 -0.0074
-0.0250 0.0300 -0.0079
-0.0250 0.0300 -0.0084
-0.0250 0.0300 -0.0090
-0.0250 0.0300 -0.0095
-0.0250 0.0300 -0.0100
-0.0250 0.0300 -0.0105
-0.0250 0.0300 -0.0110
-0.0250 0.0300 -0.0115
-0.0250 0.0300 -0.0120
-0.0250 0.0300 -0.0125
-0.0250 0.0300 -0.0130
-0.0250 0.0300 -0.0135
-0.0250 0.0300 -0.0140
-0.0250 0.0300 -0.0145
-0.0250 0.0300 -0.0150
-0.0250 0.0300 -0.0156
-0.0250 0.0300 -0.0161
-0.0250 0.0300 -0.0166
-0.0250 0.0300 -0.0171
-0.0250 0.0300 -0.0176
-0.0250 0.0300 -0.0181
-0.0250 0.0300 -0.0186
-0.0250 0.0300 -0.0191
-0.0250 0.0300 -0.0196
-0.0250 0.0300 -0.0201
-0.0250 0.0300 -0.0206
-0.0250 0.0300 -0.0211
-0.0250 0.0300 -0.0216
-0.0250 0.0300 -0.0221
-0.0250 0.0300 -0.0227
-0.0250 0.0300 -0.0232
-0.0250 0.0300 -0.0237
-0.0250 0.0300 -0.0242
-0.0250 0.0300 -0.0247
-0.0250 0.0300 -0.0252
-0.0250 0.0300 -0.0257
-0.0250 0.0300 -0.0262
-0.0250 0.0300 -0.0267
-0.0250 0.0300 -0.0272
-0.0250 0.0300 -0.0277
-0.0250 0.0300 -0.0282
-0.0250 0.0300 -0.0287
-0.0250 0.0300 -0.0293
-0.0250 0.0300 -0.0298
-0.0250 0.0300 -0.0303
-0.0250 0.0300 -0.0308
-0.0250 0.0300 -0.0313
-0.0250 0.0300 -0.0318
-0.0250 0.0300 -0.0323
-0.0250 0.0300 -0.0328
-0.0250 0.0300 -0.0333
-0.0250 0.0300 -0.0338
-0.0250 0.0300 -0.0343
-0.0250 0.0300 -0.0348
-0.0250 0.0300 -0.0353
-0.0250 0.0300 -0.0359
-0.0250 0.0300 -0.0364
-0.0250 0.0300 -0.0369
-0.0250 0.0300 -0.0374
-0.0250 0.0300 -0.0379
-0.0250 0.0300 -0.0384
-0.0250 0.0300 -0.0389
-0.0250 0.0300 -0.0394
-0.0250 0.0300 -0.0399
-0.0250 0.0300 -0.0404
-0.0250 0.0300 -0.0409
-0.0250 0.0300 -0.0414
-0.0250 0.0300 -0.0419
-0.0250 0.0300 -0.0424
-0.0250 0.0300 -0.0430
-0.0250 0.0300 -0.0435
-0.0250 0.0300 -0.0440
-0.0250 0.0300 -0.0445
-0.0250 0.0300 -0.0450
-0.0250 0.0300 -0.0455
-0.0250 0.0300 -0.0460
-0.0250 0.0300 -0.0465
-0.0250 0.0300 -0.0470
-0.0250 0.0300 -0.0475
-0.0250 0.0300 -0.0480
-0.0250 0.0300 -0.0485
-0.0250 0.0300 -0.0490
-0.0250 0.0300 -0.0496
-0.0250 0.0300 -0.0501
-0.0250 0.0300 -0.0506
-0.0250 0.0300 -0.0511
-0.0250 0.0300 -0.0516
-0.0250 0.0300 -0.0521
-0.0250 0.0300 -0.0526
-0.0250 0.0300 -0.0531
-0.0250 0.0300 -0.0536
-0.0250 0.0300 -0.0541
-0.0250 0.0300 -0.0546
-0.0250 0.0300 -0.0551
-0.0250 0.0300 -0.0556
-0.0250 0.0300 -0.0561
-0.0250 0.0300 -0.0567
-0.0250 0.0300 -0.0572
-0.0250 0.0300 -0.0577
-0.0250 0.0300 -0.0582
-0.0250 0.0300 -0.0587
-0.0250 0.0300 -0.0592
-0.0250 0.0300 -0.0597
-0.0250 0.0300 -0.0602
-0.0250 0.0300 -0.0607
-0.0250 0.0300 -0.0612
-0.0250 0.0300 -0.0617
-0.0250 0.0300 -0.0622
-0.0250 0.0300 -0.0627
-0.0250 0.0300 -0.0633
-0.0250 0.0300 -0.0638
-0.0250 0.0300 -0.0643
-0.0250 0.0300 -0.0648
-0.0250 0.0300 -0.0653
-0.0250 0.0300 -0.0658
-0.0250 0.0300 -0.0663
-0.0250 0.0300 -0.0668
-0.0250 0.0300 -0.0673
-0.0250 0.0300 -0.0678
-0.0250 0.0300 -0.0683
-0.0250 0.0300 -0.0688
-0.0250 0.0300 -0.0693
-0.0250 0.0300 -0.0699
-0.0250 0.0300 -0.0704
-0.0250 0.0300 -0.0709
-0.0250 0.0300 -0.0714
-0.0250 0.0300 -0.0719
-0.0250 0.0300 -0.0724
-0.0250 0.0300 -0.0729
-0.0250 0.0300 -0.0734
-0.0250 0.0300 -0.0739
-0.0250 0.0300 -0.0744
-0.0250 0.0300 -0.0749
-0.0250 0.0300 -0.0754
-0.0250 0.0300 -0.0759
-0.0250 0.0300 -0.0764
-0.0250 0.0300 -0.0770
-0.0250 0.0300 -0.0775
-0.0250 0.0300 -0.0780
-0.0250 0.0300 -0.0785
-0.0250 0.0300 -0.0790
-0.0250 0.0300 -0.0795
-0.0250 0.0300 -0.0800
