3.8175e+02 2.6194e+01
3.8170e+02 3.1337e+01
3.8148e+02 3.6493e+01
3.8110e+02 4.1672e+01
3.8053e+02 4.6883e+01
3.7978e+02 5.2133e+01
3.7883e+02 5.7432e+01
3.7768e+02 6.2788e+01
3.7631e+02 6.8210e+01
3.7472e+02 7.3702e+01
3.7287e+02 7.9264e+01
3.7075e+02 8.4892e+01
3.6833e+02 9.0584e+01
3.6559e+02 9.6337e+01
3.6250e+02 1.0214e+02
3.5905e+02 1.0800e+02
3.5520e+02 1.1387e+02
3.5091e+02 1.1972e+02
3.4615e+02 1.2549e+02
3.4089e+02 1.3111e+02
3.3510e+02 1.3651e+02
3.2880e+02 1.4163e+02
3.2200e+02 1.4640e+02
3.1470e+02 1.5077e+02
3.0692e+02 1.5462e+02
2.9870e+02 1.5778e+02
2.9014e+02 1.6007e+02
2.8136e+02 1.6136e+02
2.7249e+02 1.6149e+02
2.6369e+02 1.6037e+02
2.5518e+02 1.5798e+02
2.4716e+02 1.5428e+02
2.3979e+02 1.4935e+02
2.3316e+02 1.4338e+02
2.2733e+02 1.3663e+02
2.2233e+02 1.2932e+02
2.1811e+02 1.2166e+02
2.1456e+02 1.1382e+02
2.1161e+02 1.0599e+02
2.0915e+02 9.8273e+01
2.0712e+02 9.0694e+01
2.0544e+02 8.3291e+01
2.0404e+02 7.6076e+01
2.0291e+02 6.9037e+01
2.0200e+02 6.2155e+01
2.0129e+02 5.5414e+01
2.0077e+02 4.8790e+01
2.0041e+02 4.2260e+01
2.0021e+02 3.5801e+01
2.0016e+02 2.9390e+01
2.0026e+02 2.3004e+01
2.0051e+02 1.6619e+01
2.0090e+02 1.0211e+01
2.0145e+02 3.7565e+00
2.0216e+02 -2.7669e+00
2.0305e+02 -9.3836e+00
2.0411e+02 -1.6118e+01
2.0538e+02 -2.2996e+01
2.0687e+02 -3.0042e+01
2.0861e+02 -3.7276e+01
2.1063e+02 -4.4715e+01
2.1297e+02 -5.2379e+01
2.1568e+02 -6.0273e+01
2.1883e+02 -6.8395e+01
2.2247e+02 -7.6743e+01
2.2668e+02 -8.5254e+01
2.3157e+02 -9.3753e+01
2.3724e+02 -1.0205e+02
2.4382e+02 -1.0985e+02
2.5146e+02 -1.1640e+02
2.6258e+02 -1.2067e+02
2.6916e+02 -1.2066e+02
2.8010e+02 -1.1779e+02
2.8971e+02 -1.1331e+02
2.9867e+02 -1.0830e+02
3.0697e+02 -1.0316e+02
3.1465e+02 -9.7931e+01
3.2175e+02 -9.2599e+01
3.2830e+02 -8.7171e+01
3.3434e+02 -8.1673e+01
3.3989e+02 -7.6136e+01
3.4501e+02 -7.0588e+01
3.4969e+02 -6.5033e+01
3.5396e+02 -5.9463e+01
3.5781e+02 -5.3868e+01
3.6128e+02 -4.8256e+01
3.6439e+02 -4.2655e+01
3.6718e+02 -3.7092e+01
3.6967e+02 -3.1589e+01
3.7189e+02 -2.6143e+01
3.7385e+02 -2.0747e+01
3.7555e+02 -1.5397e+01
3.7702e+02 -1.0088e+01
3.7827e+02 -4.8203e+00
3.7932e+02 4.0829e-01
3.8018e+02 5.6024e+00
3.8084e+02 1.0770e+01
3.8132e+02 1.5919e+01
3.8162e+02 2.1058e+01
3.8175e+02 2.6194e+01
