212.188 336.652 
 214.852 332.797 
 216.383 330.953 
 218.621 328.688 
 220.551 326.676 
 225.199 321.375 
 227.41 318.797 
 231.777 313.184 
 233.871 310.488 
 237.812 304.789 
 239.797 301.871 
 243.398 296.004 
 245.211 292.941 
 248.445 286.789 
 249.777 284.297 
 252.949 277.266 
 254.141 274.715 
 257.23 266.723 
 257.941 264.938 
 260.406 257.227 
 261.172 254.93 
 263.27 246.906 
 263.863 244.754 
 265.422 236.93 
 265.934 234.492 
 267.152 225.875 
 267.438 223.977 
 268.117 215.867 
 268.344 213.996 
 268.57 205.238 
 268.656 203.113 
 268.398 194.383 
 268.371 192.598 
 267.633 183.949 
 267.492 182.109 
 266.273 173.52 
 266.074 171.902 
 264.316 163.172 
 263.977 161.387 
 261.766 152.996 
 261.371 151.379 
 258.648 142.961 
 258.223 141.488 
 254.992 133.125 
 254.426 131.621 
 250.77 123.543 
 250.117 122.039 
 248.559 119.035 
 247.848 117.422 
 245.07 108.352 
 245.523 101.488 
 243.598 99.762 
 243.539 99.703 
 241.047 97.438 
 240.988 97.406 
 238.523 95.141 
 238.465 95.086 
 235.973 92.844 
 235.941 92.789 
 233.449 90.52 
 233.391 90.492 
 230.926 88.223 
 230.867 88.168 
 228.375 85.93 
 228.316 85.871 
 225.852 83.605 
 225.797 83.574 
 223.328 81.309 
 223.273 81.25 
 221.344 79.523 
 216.668 73.965 
 212.047 70.762 
 203.176 63.449 
 198.582 60.219 
 185.969 57.328 
 173.695 52.109 
 172.191 51.57 
 165.047 49.473 
 163.375 49.105 
 156.062 48.086 
 154.191 47.973 
 146.68 48.086 
 145.062 48.254 
 137.609 49.504 
 136.277 49.812 
 129.105 52.168 
 127.773 52.707 
 120.688 56.277 
 119.723 56.875 
 111.16 62.938 
 109.973 62.855 
 108.41 65.914 
 108.383 66 
 106.852 68.977 
 106.824 69.035 
 105.293 72.039 
 105.266 72.094 
 103.762 75.07 
 103.707 75.156 
 102.203 78.133 
 102.176 78.188 
 100.645 81.195 
 100.617 81.25 
 99.34 83.746 
 99.285 83.801 
 98.094 86.949 
 98.066 87.004 
 96.875 90.152 
 96.848 90.207 
 95.656 93.328 
 95.629 93.41 
 94.438 96.531 
 94.41 96.613 
 93.191 99.734 
 93.16 99.816 
 91.973 102.938 
 91.941 102.992 
 90.754 106.141 
 90.723 106.195 
 89.422 109.598 
 86.5 114.02 
 86.246 115.125 
 85.82 115.777 
 87.66 117.59 
 86.273 124.648 
 86.047 126.547 
 84.883 133.719 
 84.629 135.648 
 83.578 142.875 
 83.324 144.918 
 82.418 152.145 
 82.164 154.156 
 81.227 161.387 
 80.973 163.344 
 80.066 170.543 
 79.867 172.527 
 79.074 179.699 
 78.934 181.598 
 78.336 188.855 
 78.25 190.781 
 77.91 198.012 
 77.883 199.965 
 77.77 207.137 
 77.824 209.148 
 77.969 216.352 
 78.082 218.336 
 78.449 225.59 
 78.621 227.52 
 79.242 234.773 
 79.469 236.676 
 80.32 243.816 
 80.633 245.746 
 81.738 252.945 
 82.105 254.816 
 83.438 261.961 
 83.863 263.801 
 85.422 270.918 
 85.906 272.762 
 87.691 279.762 
 88.258 281.605 
 90.297 288.578 
 89.277 290.391 
 89.477 293.281 
 93.871 305.02 
 94.918 307.57 
 94.945 307.625 
 96.223 310.715 
 96.25 310.801 
 97.527 313.891 
 97.555 313.977 
 98.859 317.066 
 98.887 317.121 
 100.164 320.211 
 100.191 320.297 
 101.469 323.387 
 101.496 323.441 
 102.77 326.562 
 102.828 326.645 
 104.102 329.734 
 104.133 329.793 
 105.406 332.883 
 105.438 332.969 
 106.711 336.059 
 106.738 336.113 
 108.043 339.23 
 108.07 339.289 
 109.348 342.379 
 109.375 342.465 
 110.652 345.555 
 110.68 345.609 
 111.73 348.16 
 106.457 350.629 
 120.289 354.312 
 120.289 355.871 
 120.457 356.156 
 126.441 356.156 
 129.812 359.754 
 131.004 362.25 
 131.316 364.262 
 131.371 365.172 
 131.371 368.598 
 131.289 369.363 
 130.863 371.918 
 129.984 373.051 
 131.938 380.082 
 132.137 381.754 
 131.91 384.785 
 131.684 386.004 
 130.691 389.121 
 122.273 393.688 
 125.844 393.688 
 127.773 393.348 
 132.703 391.332 
 134.461 390.992 
 141.664 390.992 
 141.746 390.086 
 144.949 385.918 
 144.355 384.332 
 146.312 380.957 
 151.812 382.402 
 151.867 382.66 
 157.449 384.105 
 157.508 384.359 
 163.09 385.891 
 163.148 386.062 
 168.676 387.508 
 168.676 390.824 
 167.711 391.164 
 172.617 391.164 
 174.602 391.59 
 179.988 393.941 
 181.914 394.367 
 184.664 394.367 
 176.387 388.441 
 174.914 382.914 
 174.883 380.023 
 176.641 372.484 
 175.707 371.379 
 175.48 370.527 
 175.281 369.109 
 175.281 365.539 
 175.621 363.836 
 176.668 361.57 
 177.832 360.039 
 182.48 356.184 
 186.789 356.184 
 191.465 352.727 
 203.91 344.957 
 204.676 344.477 
 214.344 344.477 
 212.188 336.652 