110.2844    284.8165
122.465 284.8165
134.7048    284.8165
147.0039    284.8165
159.3956    284.8165
171.8206    284.8165
184.3049    284.8165
196.8473    284.8165
209.4532    284.8165
222.1227    284.8165
234.8503    284.8165
247.6372    284.8165
260.4919    284.8165
273.4004    284.8165
286.3724    284.8165
299.4069    284.8165
312.5308    284.8165
325.6881    284.8165
338.9035    284.8165
352.2115    284.8165
365.5496    284.8165
378.9804    284.8165
392.5027    284.8165
406.0551    284.8165
419.6959    284.8165
433.3743    284.8165
447.1378    284.8165
460.9971    284.8165
474.9157    284.8165
488.8633    284.8165
502.9035    284.8165
517.0654    284.8165
531.2273    284.8165
545.4829    284.8165
550 284.8165