-250    218.0681
-250    218.0681
-250    218.0681
-250    218.0681
-250    218.0681
-250    218.0681
-250    218.0681
-250    218.0681
-250    218.0681
-250    218.0681
-250    218.0681
-250    218.0681
-250    218.0681
-250    218.0681
-250    218.0681
-250    218.0681
-250    218.0681
-250    218.0681
-250    218.0681
-250    218.0681
-250    218.0681
-250    218.0681
-250    218.0681
-250    218.0681
-250    218.0681
-250    218.0681
-250    218.0681
-250    218.0681
-250    218.0681
-250    218.0681
-250    218.0681
-250    218.0681
-250    218.0681
-250    218.0681
-233.3333   218.0681