0.4797 0.4478 0.9420
0.5062 0.4745 0.9380
0.5327 0.5012 0.9340
0.5592 0.5279 0.9300
0.5857 0.5546 0.9260
0.6122 0.5813 0.9220
0.6387 0.6079 0.9180
0.6653 0.6346 0.9140
0.6918 0.6612 0.9100
0.7183 0.6879 0.9060
0.7449 0.7145 0.9020
0.7714 0.7412 0.8980
0.7980 0.7678 0.8940
0.8246 0.7944 0.8900
0.8511 0.8210 0.8860
0.8777 0.8476 0.8820
0.9043 0.8742 0.8780
0.9309 0.9008 0.8740
0.9575 0.9274 0.8700
0.9841 0.9539 0.8660
1.0108 0.9805 0.8620
1.0374 1.0071 0.8580
1.0640 1.0336 0.8540
1.0907 1.0602 0.8500
1.1173 1.0867 0.8460
1.1440 1.1132 0.8420
1.1707 1.1397 0.8380
1.1973 1.1662 0.8340
1.2240 1.1927 0.8300
1.2507 1.2192 0.8260
1.2774 1.2457 0.8220
1.3041 1.2722 0.8180
