8.1277e+00 2.0413e+00 -4.9812e-01 -1.2316e+16
8.1318e+00 2.0665e+00 -5.0124e-01 -1.2652e+16
8.1359e+00 2.0584e+00 -4.9932e-01 -1.4322e+16
8.1400e+00 2.0674e+00 -5.0109e-01 -1.9437e+16
8.1441e+00 2.0679e+00 -5.0128e-01 -2.3594e+16
8.1482e+00 2.0722e+00 -4.9871e-01 -2.6862e+16
8.1523e+00 1.9984e+00 -4.8810e-01 2.3078e+16
8.1564e+00 2.0042e+00 -4.9282e-01 2.7353e+16
8.1605e+00 1.9837e+00 -4.9960e-01 2.5362e+16
8.1646e+00 1.9349e+00 -4.9258e-01 2.0212e+16
8.1687e+00 1.9165e+00 -4.8747e-01 1.3257e+16
8.1728e+00 1.9265e+00 -5.4144e-01 8.0426e+15
8.1768e+00 1.9102e+00 -5.4547e-01 1.6935e+15
8.1809e+00 2.0206e+00 -5.1408e-01 -1.2119e+15
8.1850e+00 2.0509e+00 -5.0650e-01 -7.2913e+15
8.1891e+00 2.0467e+00 -5.0254e-01 -1.0874e+16
8.1932e+00 2.0668e+00 -5.0118e-01 -1.6749e+16
8.1973e+00 2.0717e+00 -5.0422e-01 -1.9331e+16
8.2014e+00 2.0686e+00 -5.0216e-01 -2.0257e+16
8.2055e+00 2.0718e+00 -5.0117e-01 -2.5441e+16
8.2096e+00 1.9984e+00 -4.8357e-01 1.5985e+16
8.2137e+00 2.0075e+00 -4.8495e-01 2.4992e+16
8.2178e+00 2.0132e+00 -4.9532e-01 2.3400e+16
8.2219e+00 2.0166e+00 -5.0973e-01 2.0144e+16
8.2260e+00 1.9694e+00 -5.3676e-01 1.0528e+16
