# shot F	G	H1	H2	H3	I1	I2	I3	J1	J2	J3	K1	K2	L	M
26007 	nan	0.0046	1.0197	1.0357	0.9788	1.0197	1.0101	1.0197	1.0499	1.0277	0.9042	0.9810	1.0021	0.8985	1.0260
26137 	nan	0.9900	1.2579	1.0745	1.0003	1.2579	1.0199	1.2579	1.0694	1.0446	1.0416	1.0591	0.9674	0.8623	1.0312
26154 	nan	1.0012	1.0111	0.9972	1.0879	1.0560	0.9972	1.0351	0.9972	1.0969	1.0630	1.0241	1.0261	0.9902	0.8925
26186 	nan	1.0094	1.0730	1.0740	1.0771	1.0730	1.0289	1.0730	1.0730	1.0504	1.0515	1.0792	0.9745	0.8853	0.9868
26205 	nan	1.0007	1.0618	1.0730	1.0628	1.0618	1.0251	1.0618	1.0618	1.0455	1.0272	1.0526	0.9742	0.8855	0.9966
26215 	nan	0.9987	1.0007	1.0938	1.0057	1.0007	1.0367	1.0007	1.0998	1.0628	0.9536	0.9746	0.9947	0.8985	0.9135
26229 	nan	0.9934	1.0452	1.0654	1.0523	1.0452	1.0188	1.0452	1.0583	1.0391	1.0178	1.0411	0.9670	0.8767	1.0330
26261 	nan	1.0092	1.0561	1.0806	1.0724	1.0561	1.0337	1.0561	1.0704	1.0500	1.0337	1.0398	0.9816	0.8939	0.9602
26299 	nan	0.9871	1.6960	1.0747	0.9673	1.6960	1.0434	1.6960	1.1143	1.0601	0.9173	0.9329	0.9830	0.8892	0.9496
26308 	nan	1.0131	1.0589	1.0966	1.0589	1.0589	1.0365	1.0589	1.0843	1.0518	1.0059	1.0294	0.9917	0.8919	0.9316
26317 	nan	1.0012	1.0111	0.9972	1.0879	1.0560	0.9972	1.0351	0.9972	1.0969	1.0630	1.0241	1.0261	0.9902	0.8925
26318 	nan	1.0027	1.0569	1.0800	1.0047	1.0569	1.0378	1.0569	1.1323	1.0640	0.9213	0.9273	0.9896	0.8881	0.9404
26323 	nan	1.0045	1.0286	1.0829	1.0216	1.0286	1.0387	1.0286	1.1562	1.0698	0.9131	0.9252	0.9935	0.8880	0.9272
26328 	nan	1.0173	1.0633	1.0847	1.0561	1.0633	1.0367	1.0633	1.0816	1.0571	1.0306	1.0388	0.9969	0.8949	0.9296
26337 	nan	1.0208	1.1576	1.1010	1.1000	1.1576	1.0496	1.1010	1.0907	1.0681	1.0269	1.0197	0.9961	0.8890	0.8962
26338 	nan	1.0255	1.0481	1.0963	1.1466	1.0481	1.0399	1.0481	1.0912	1.0655	1.0275	1.0368	0.9957	0.8890	0.9136
26347 	nan	1.0263	1.0703	1.0856	1.0682	1.0703	1.0396	1.0703	1.0825	1.0611	1.0375	1.0426	0.9997	0.8973	0.9168
26349 	nan	1.0258	1.0047	1.0921	1.0730	1.0047	1.0378	1.0047	1.0871	1.0630	1.0409	1.0449	0.9926	0.8972	0.9173
26369 	nan	1.0242	1.0651	1.0865	1.0589	1.0651	1.0426	1.0651	1.0865	1.0600	1.0313	1.0446	0.9976	0.9005	0.9128
26383 	nan	0.9987	1.0217	1.0908	1.0137	1.0217	1.0457	1.0217	1.1489	1.0748	0.9316	0.9015	0.9876	0.8895	0.9115
26415 	nan	1.0094	1.0255	1.0880	1.0346	1.0709	1.0316	1.0497	1.1383	1.0729	0.9480	0.9167	0.9822	0.9006	0.9248
26418 	nan	1.0203	1.0203	1.0746	1.0384	1.0656	1.0223	1.0444	1.0958	1.0605	0.9519	0.9247	0.9921	0.9076	0.9428
26421 	nan	1.0239	1.0679	1.0884	1.0730	1.0679	1.0392	1.0679	1.0843	1.0648	1.0382	1.0515	0.9952	0.8990	0.9133
26433 	nan	1.0087	1.0037	1.0887	1.0107	1.0037	1.0327	1.0037	1.1288	1.0657	0.9286	0.9266	0.9967	0.8996	0.9166
26445 	nan	1.0266	1.0676	1.0860	1.0583	1.0676	1.0379	1.0676	1.0860	1.0665	1.0440	1.0522	0.9969	0.8987	0.9140
26451 	1.0000	1.0000	1.0000	1.0000	1.0000	1.0000	1.0000	1.0000	1.0000	1.0000	1.0000	1.0000	1.0000	1.0000	1.0000
26465 	0.9694	0.9925	1.0680	1.1093	1.0076	1.0680	1.0569	1.0680	1.1475	1.0952	0.9402	0.9412	0.9794	0.8778	0.9120
26497 	nan	1.0275	1.0726	1.0931	1.0715	1.0726	1.0367	1.0726	1.0838	1.0644	1.0398	1.0500	0.9957	0.8964	0.9138
26519 	nan	1.0302	1.0732	1.0927	1.0742	1.0732	1.0364	1.0732	1.0773	1.0671	1.0425	1.0415	0.9892	0.8991	0.9155
26537 	nan	1.0230	1.0690	1.0915	1.0669	1.0690	1.0434	1.0690	1.0792	1.0649	1.0322	1.0383	0.9944	0.8901	0.9157
26558 	nan	1.0321	1.0888	1.0919	1.0827	1.0888	1.0383	1.0888	1.0950	1.0651	1.0765	1.0651	0.9909	0.9032	0.9105
26573 	nan	1.0191	1.0443	1.0886	1.0070	1.0443	1.0312	1.0443	1.1339	1.0665	0.9345	0.9396	0.9839	0.9104	0.9194
26574 	nan	1.0069	1.7655	1.0967	1.0491	1.7655	1.0386	1.7655	1.1273	1.0608	0.9382	0.9340	0.9847	0.9097	0.9097
26580 	nan	1.0281	1.1025	1.0932	1.0808	1.1025	1.0374	1.1025	1.0870	1.0663	1.1190	1.0622	0.9888	0.8948	0.9196
26605 	nan	1.0323	1.0712	1.0887	1.0712	1.0712	1.0354	1.0712	1.0876	1.0589	1.0343	1.0507	0.9954	0.9093	0.9124
26611 	nan	1.0134	1.0224	1.0886	0.9923	1.0224	1.0385	1.0224	1.1338	1.0716	0.9341	0.9421	0.9913	0.8970	0.9130
26612 	nan	1.0181	1.0000	1.0904	1.0281	1.0000	1.0361	1.0000	1.1345	1.0723	0.9327	0.9357	0.9940	0.8936	0.9137
26616 	nan	1.0104	0.9993	1.0917	1.0285	0.9993	1.0395	0.9993	1.1279	1.0676	0.9541	0.9361	0.9873	0.8949	0.9190
26620 	nan	1.0243	1.0062	1.0857	1.0314	1.0062	1.0304	1.0062	1.1632	1.0776	0.9307	0.9267	1.0042	0.8865	0.9156
26621 	nan	1.0098	1.0028	1.0707	0.9599	1.0028	1.0397	1.0028	1.1236	1.0807	0.9430	0.9350	0.9988	0.8951	0.9150
26622 	nan	1.0112	1.0022	1.0915	1.0273	1.0022	1.0333	1.0022	1.1637	1.0734	0.9109	0.9229	0.9921	0.8948	0.9149
26623 	nan	1.0012	1.0111	0.9972	1.0879	1.0560	0.9972	1.0351	0.9972	1.0969	1.0630	1.0241	1.0261	0.9902	0.8925
26627 	nan	1.0292	1.0870	1.0963	1.0787	1.0870	1.0395	1.0870	1.0932	1.0684	1.0798	1.0828	0.9859	0.8972	0.9127
26630 	nan	1.0038	0.9978	1.0819	1.0068	0.9978	1.0309	0.9978	1.1129	1.0719	0.9368	0.9528	0.9858	0.9108	0.9188
26650 	nan	1.0131	1.0702	1.1008	1.0794	1.0702	1.0478	1.0702	1.0723	1.0672	1.0457	1.0162	0.9947	0.8978	0.8917
26669 	nan	1.0175	1.0863	1.1028	1.0678	1.0863	1.0442	1.0863	1.1048	1.0781	1.0658	1.0617	0.9856	0.8931	0.8962
26670 	nan	1.0332	1.0962	1.0982	1.0962	1.0962	1.0384	1.0962	1.0993	1.0714	1.0796	1.0549	0.9971	0.8990	0.8959
26671 	nan	1.0085	1.0567	1.0968	0.9885	1.0567	1.0416	1.0567	1.1591	1.0868	0.9202	0.9142	0.9975	0.8821	0.8951
26672 	nan	0.9723	0.9992	1.1046	1.0061	0.9992	1.0389	0.9992	1.0906	1.0777	0.9157	0.9514	0.9753	0.8918	0.9117
26673 	nan	1.0012	1.0111	0.9972	1.0879	1.0560	0.9972	1.0351	0.9972	1.0969	1.0630	1.0241	1.0261	0.9902	0.8925
26695 	nan	1.0385	1.0838	1.0910	1.0920	1.0838	1.0385	1.0838	1.0962	1.0652	1.0570	1.0529	0.9931	0.9066	0.9056
26712 	nan	1.0197	1.0595	1.0800	1.0677	1.0595	1.0299	1.0595	1.0718	1.0544	1.0330	1.0350	0.9871	0.9003	0.9483
26810 	0.9903	1.0051	0.6421	1.0790	1.0297	1.0702	1.0465	1.0485	1.1086	1.1027	0.9932	0.9232	0.9824	0.8571	0.9419
26820 	nan	1.0319	1.0667	1.0954	1.0718	1.0667	1.0411	1.0667	1.0903	1.0647	1.0380	1.0391	1.0002	0.9111	0.8876
26831 	nan	1.0146	1.0287	1.0920	1.0307	1.0749	1.0397	1.0538	1.0860	1.0618	0.9482	0.9442	0.9945	0.9040	0.9080
26839 	nan	1.0242	1.0662	1.0907	1.0764	1.0662	1.0385	1.0662	1.0887	1.0662	1.0365	1.0365	0.9956	0.9035	0.9055
26860 	nan	1.0250	1.0648	1.0873	1.0638	1.0648	1.0352	1.0648	1.0791	1.0597	1.0342	1.0271	0.9934	0.9025	0.9219
26878 	nan	1.0276	1.0706	1.0930	1.0746	1.0706	1.0368	1.0706	1.0818	1.0644	1.0317	1.0286	0.9949	0.8998	0.9110
26885 	nan	1.0038	1.0219	1.0870	1.0159	1.0219	1.0349	1.0219	1.1581	1.0650	0.9287	0.8876	0.9938	0.8996	0.9197
26895 	nan	1.0057	1.0177	1.0907	1.0077	1.0177	1.0427	1.0177	1.1578	1.0757	0.9376	0.8796	0.9927	0.8986	0.8996
26897 	nan	1.0070	1.0181	1.0904	1.0361	1.0633	1.0321	1.0422	1.0582	1.0472	0.9538	0.9618	0.9920	0.9147	0.9237
26904 	nan	1.0273	1.0673	1.0857	1.0775	1.0673	1.0345	1.0673	1.0836	1.0601	1.0437	1.0386	0.9915	0.9054	0.9228
26905 	nan	0.9982	1.0032	1.0913	1.0342	1.0032	1.0442	1.0032	1.1363	1.0702	0.9171	0.9201	0.9841	0.8860	0.9241
26906 	nan	0.9928	1.0018	1.0930	1.0409	1.0018	1.0459	1.0018	1.1251	1.0710	0.9327	0.9307	0.9818	0.8876	0.9207
26907 	nan	0.9998	0.9998	1.0930	1.0359	0.9998	1.0459	0.9998	1.1251	1.0730	0.9347	0.9247	0.9808	0.8866	0.9207
26919 	nan	1.0094	1.0124	1.0906	1.0084	1.0124	1.0415	1.0124	1.1278	1.0666	0.9512	0.9311	0.9883	0.9020	0.9110
26960 	0.9815	1.0014	0.6924	1.0898	1.0253	1.0998	1.0451	1.0779	1.2150	1.1127	0.9746	0.9011	0.9984	0.8435	0.9289
26971 	1.0042	0.9874	0.7858	1.1001	1.0082	1.0013	1.0546	1.0013	1.1179	1.0794	0.9400	0.9420	0.9904	0.8807	0.8906
26973 	nan	1.0053	0.9943	1.0932	0.9894	0.9943	1.0692	0.9943	1.1890	1.0822	0.9035	0.8945	0.9874	0.8875	0.8805
26974 	nan	0.9885	1.0085	1.0985	1.0205	1.0085	1.0475	1.0085	1.1874	1.0865	0.9145	0.8856	0.9915	0.8886	0.8876
26975 	nan	1.0015	1.1304	1.0736	1.0157	1.1304	1.0959	1.1304	1.2207	1.0614	0.9072	0.8879	0.9893	0.8848	0.8950
26982 	nan	1.0153	1.0293	1.0937	1.0102	1.0746	1.0424	1.0535	1.1561	1.0776	0.9378	0.9167	0.9992	0.8895	0.8975
26983 	nan	1.0243	1.0324	1.0938	1.0233	1.0777	1.0415	1.0566	1.1301	1.0757	0.9397	0.9216	0.9971	0.8924	0.8994
26997 	0.9976	1.0016	1.0115	0.9976	1.0884	1.0564	0.9976	1.0355	0.9976	1.0973	1.0634	1.0245	1.0265	0.9906	0.8928
26998 	1.0100	1.0060	0.7254	1.0786	1.0537	1.1194	1.0388	1.0975	1.2537	1.1045	0.9045	0.8617	0.9950	0.8637	0.9095
27028 	nan	1.0075	1.0407	1.1011	1.0186	1.0870	1.0488	1.0649	1.1282	1.0729	0.9432	0.9180	0.9955	0.8899	0.8919
27032 	nan	1.0341	0.5101	1.0974	1.0727	1.0826	1.0400	1.0826	1.0865	1.0727	1.0341	1.0331	1.0015	0.8967	0.8917
27066 	nan	1.0343	0.6267	1.0972	1.0881	1.3547	1.0384	1.3547	1.1002	1.0678	1.0799	1.0556	0.9958	0.8994	0.9015
27068 	nan	1.0109	1.0189	1.0923	1.0400	1.0641	1.0370	1.0430	1.0682	1.0591	0.9637	0.9476	0.9948	0.9124	0.9044
27089 	nan	1.0433	0.4644	1.0910	1.0970	1.1885	1.0393	1.1885	1.0910	1.0681	1.0820	1.0393	0.9975	0.8981	0.9060
27113 	nan	1.0277	0.5104	1.0856	1.0766	1.2471	1.0317	1.2471	1.0945	1.0606	1.0437	1.0437	0.9909	0.8952	0.9360
27152 	nan	1.0277	0.5475	1.0939	1.0638	1.2734	1.0328	1.2734	1.1039	1.0588	1.0739	1.0518	0.9916	0.8944	0.9285
27165 	nan	1.0284	0.4763	1.0876	1.0689	1.0866	1.0314	1.0866	1.0876	1.0659	1.0501	1.0255	0.9890	0.8845	0.9417
27212 	nan	1.0045	1.0296	1.0898	1.0025	1.0748	1.0286	1.0537	1.1119	1.0617	0.9353	0.9443	0.9975	0.8961	0.9262
27242 	nan	0.9935	1.0125	1.0822	0.9895	1.0125	1.0324	1.0125	1.1350	1.0623	0.9258	0.8839	0.9736	0.8789	0.9706
27245 	nan	1.0033	1.0123	1.0803	1.0103	1.0563	1.0223	1.0363	1.0773	1.0503	0.9304	0.9294	0.9853	0.8914	0.9704
27246 	nan	0.9987	1.1163	1.0841	0.9755	1.1646	1.0318	1.1415	1.1053	1.0560	0.9202	0.9212	0.9826	0.8800	0.9655
27247 	nan	1.0166	1.0226	1.0728	1.0125	1.0677	1.0246	1.0467	1.0848	1.0577	0.9423	0.9383	0.9915	0.8811	0.9724
27256 	nan	1.0169	1.0441	1.0784	1.0230	1.0905	1.0250	1.0693	1.0905	1.0784	0.9344	0.9495	0.9757	0.8780	0.9646
27257 	nan	0.9998	1.1182	1.1000	0.9927	1.1182	1.0332	1.1182	1.1091	1.0798	0.9239	1.0100	0.9674	0.8723	0.9472
27258 	nan	1.0119	1.0160	1.0715	1.0321	1.0604	1.0129	1.0402	1.1441	1.0674	0.9353	0.9494	0.9786	0.9191	0.9504
27259 	nan	1.0097	1.0288	1.0841	1.0167	1.0760	1.0288	1.0539	1.1463	1.0640	0.9092	0.9153	0.9826	0.8881	0.9524
27262 	nan	0.9953	1.0304	1.0825	1.0164	1.0755	1.0304	1.0545	1.1286	1.0585	0.9262	0.8981	0.9753	0.8851	0.9683
27274 	nan	1.0015	1.0356	1.0798	1.0346	1.0818	1.0256	1.0607	1.0667	1.0537	0.9453	0.9293	0.9754	0.8951	0.9704
27321 	nan	1.0112	0.5468	1.0787	1.0638	1.0926	1.0321	1.0926	1.0867	1.0470	1.0460	1.0480	0.9845	0.8932	0.9646
27331 	nan	1.0175	1.0013	1.0890	1.0477	1.0013	1.0366	1.0013	1.1373	1.0719	0.9530	0.9409	0.9872	0.8946	0.9208
27347 	nan	1.0217	1.0624	1.0756	1.0726	1.1102	1.0248	1.0879	1.1336	1.0461	0.9596	0.9403	0.9841	0.9037	0.9657
27349 	nan	1.0055	1.0145	1.0725	1.0075	1.0595	1.0235	1.0385	1.0645	1.0465	0.9515	0.9305	0.9825	0.9125	0.9625
27350 	nan	1.0047	1.0137	1.0716	1.0047	1.0586	1.0237	1.0377	1.0686	1.0487	0.9507	0.9247	0.9837	0.9087	0.9637
27351 	nan	1.0010	1.0202	1.0737	1.0010	1.0212	1.0252	1.0212	1.1382	1.0555	0.8940	1.0656	0.9808	0.8920	0.9728
27538 	nan	0.9463	0.9723	1.0994	1.1264	1.0333	1.0333	1.0333	1.0033	1.0303	0.9863	0.9583	0.9343	0.9173	0.9853
27562 	nan	0.9456	0.9846	1.0988	1.1249	1.0367	1.0357	1.0367	1.0117	1.0407	0.9856	0.9656	0.9376	0.9005	0.9866
27600 	nan	0.9437	0.9968	1.1051	1.1202	1.0349	1.0129	1.0349	1.0229	1.0490	1.0038	0.9617	0.9367	0.9116	0.9848
27638 	nan	0.9642	0.9612	1.0872	1.1072	1.0142	1.0252	1.0142	1.0082	1.0252	0.9862	0.9622	0.9502	0.9212	0.9912
27663 	nan	0.9545	1.1278	1.0916	1.1208	1.0381	1.0341	1.0381	1.0039	1.0311	0.9847	0.9555	0.9384	0.9142	0.9908
27679 	nan	0.9465	1.1336	1.0974	1.1135	1.0260	1.0370	1.0260	1.0018	1.0320	0.9858	0.9556	0.9405	0.9053	0.9878
27700 	nan	0.9259	1.1431	1.1039	1.1190	1.0456	1.0416	1.0456	1.0084	1.0335	0.9832	0.9551	0.9390	0.8988	0.9832
27728 	nan	0.9390	1.1381	1.1019	1.1099	1.0275	1.0395	1.0275	1.0013	1.0345	0.9883	0.9591	0.9370	0.9048	0.9822
27752 	nan	0.9238	1.1619	1.1163	0.9248	1.1024	1.0488	1.1024	1.0051	1.0329	0.9823	0.9466	0.9297	0.9039	0.9684
27763 	nan	0.9424	1.1031	1.1082	1.1335	1.1739	1.0283	1.0859	1.0202	1.0283	0.9848	0.9616	0.9282	0.9323	0.9747
27764 	nan	0.9464	1.1239	1.1118	1.1259	1.0573	1.0271	1.0069	1.0311	1.0331	0.9948	0.9524	0.9272	0.9343	0.9665
27777 	nan	0.9471	1.1642	1.1059	1.1149	1.0214	1.0365	1.0214	1.0013	1.0375	0.9571	0.9591	0.9410	0.9119	0.9672
27819 	nan	0.9524	1.1640	1.1306	1.1387	1.0445	1.0506	1.0445	1.0162	1.0547	1.0051	0.9696	0.9453	0.9109	0.9079
27843 	nan	0.9596	1.1746	1.1229	1.1341	1.0407	1.0509	1.0407	1.0215	1.0499	1.0063	0.9779	0.9464	0.9190	0.9109
27871 	nan	0.9597	1.1600	1.1074	1.1104	1.0710	1.0386	1.0204	1.0123	1.0396	0.9992	0.9749	0.9466	0.9415	0.9263
27907 	nan	0.9522	1.1758	1.1209	1.1738	1.0772	1.0396	1.0772	1.0061	1.0498	0.9919	0.9837	0.9350	0.9238	0.9309
27908 	nan	0.9559	1.1727	1.1159	1.1595	1.0268	1.0370	1.0268	1.0056	1.0491	0.9863	0.9782	0.9408	0.9256	0.9316
27918 	nan	0.9637	1.2304	1.1128	1.1503	1.0012	1.0377	1.0012	1.0164	1.0529	0.9910	0.9667	0.9484	0.9170	0.9312
27920 	nan	0.9559	1.2000	1.1190	1.1544	1.0076	1.0390	1.0076	1.0086	1.0491	0.9975	0.9671	0.9418	0.9225	0.9286
27959 	nan	0.9550	1.0022	1.1277	1.1448	1.0022	1.0373	1.0022	1.0112	1.0584	1.0072	0.9781	0.9469	0.9058	0.9238
27962 	nan	0.9578	0.9998	1.1150	1.1221	0.9978	1.0489	0.9978	1.0149	1.0389	0.9858	0.9698	0.9537	0.9127	0.9307
27970 	nan	0.9561	1.0164	1.1110	1.1453	1.0054	1.0396	1.0054	1.0245	1.0466	0.9973	0.9772	0.9420	0.9269	0.9339
27975 	nan	0.9590	1.0062	1.1127	1.1520	1.0002	1.0333	1.0002	1.0163	1.0444	0.9931	0.9710	0.9389	0.9318	0.9389
27980 	nan	0.9602	0.9873	1.1199	1.1249	1.0315	1.0526	1.0315	1.0174	1.0445	1.0013	0.9732	0.9481	0.9170	0.9180
28003 	nan	0.9616	1.0008	1.1156	1.1378	1.0310	1.0461	1.0310	1.0250	1.0441	1.0018	0.9747	0.9434	0.9273	0.9233
28006 	nan	0.9600	0.9958	1.1115	1.1214	0.9968	1.0437	0.9968	1.0198	1.0427	0.9978	0.9739	0.9480	0.9251	0.9291
28012 	nan	0.9821	0.9741	1.1125	1.1610	1.1549	1.0327	1.0680	1.0185	1.0579	0.9710	0.9943	0.9589	0.9195	0.9185
28016 	nan	0.9650	1.0022	1.1277	1.1408	1.0042	1.0474	1.0042	1.0152	1.0524	0.9982	0.9680	0.9540	0.9108	0.9078
28028 	nan	0.9576	0.9967	1.1169	1.1469	0.9386	1.0497	0.9386	1.0047	1.0447	1.0097	0.9726	0.9416	0.9225	0.9245
28034 	nan	0.9575	1.0127	1.1251	1.1402	1.0027	1.0468	1.0027	1.0067	1.0488	0.9967	0.9716	0.9445	0.9093	0.9254
28035 	nan	0.9578	1.0120	1.1235	1.1416	1.0060	1.0462	1.0060	1.0090	1.0482	0.9930	0.9729	0.9458	0.9127	0.9237
28042 	nan	0.9602	1.0003	1.1177	1.1398	1.0003	1.0385	1.0003	1.0023	1.0495	0.9953	0.9763	0.9411	0.9201	0.9331
28047 	nan	0.9576	1.0039	1.1215	1.1386	1.0330	1.0431	1.0330	1.0149	1.0501	1.0089	0.9697	0.9365	0.9274	0.9214
28048 	nan	0.9618	1.0151	1.1226	1.1367	0.9899	1.0332	0.9899	1.0211	1.0472	0.9920	0.9819	0.9437	0.9286	0.9246
28054 	nan	0.9539	1.0233	1.1208	1.1449	1.0022	1.0434	1.0022	1.0132	1.0454	0.9921	0.9811	0.9389	0.9248	0.9268
28055 	nan	0.9539	1.0163	1.1199	1.1531	1.0062	1.0384	1.0062	1.0183	1.0485	0.9982	0.9810	0.9408	0.9267	0.9257
28056 	nan	0.9583	1.1390	1.1531	1.1764	0.9845	1.0390	0.9845	1.0269	1.0461	0.9532	0.9875	0.9502	0.9239	0.8876
28057 	nan	0.9544	1.0281	1.1270	1.1703	1.0331	1.0412	1.0331	1.0160	1.0553	1.0059	0.9766	0.9322	0.9191	0.9252
28061 	nan	0.9600	0.9958	1.1115	1.1214	0.9968	1.0437	0.9968	1.0198	1.0427	0.9978	0.9739	0.9480	0.9251	0.9291
28062 	nan	0.9519	1.0002	1.1209	1.1602	1.0032	1.0434	1.0032	1.0183	1.0485	1.0102	0.9750	0.9368	0.9227	0.9277
28064 	nan	0.9709	0.9679	1.1013	1.1143	1.0291	1.0381	1.0291	1.0100	1.0321	0.9880	0.9799	0.9599	0.9418	0.9268
28071 	nan	0.9627	1.0109	1.1071	1.1282	0.9988	1.0309	0.9988	1.0109	1.0430	0.9848	0.9677	0.9487	0.9296	0.9407
28082 	nan	0.9627	0.9918	1.1122	1.1252	0.9958	1.0430	0.9958	1.0169	1.0389	0.9968	0.9677	0.9507	0.9336	0.9216
28083 	nan	0.9634	0.9754	1.1068	1.1258	1.0236	1.0336	1.0236	1.0085	1.0376	0.9915	0.9704	0.9524	0.9404	0.9293
28092 	nan	0.9694	0.9755	1.1004	1.1649	1.0380	1.0440	1.0380	1.0097	1.0390	1.0057	0.9714	0.9553	0.9301	0.9311
28115 	nan	0.9614	0.9854	1.1109	1.1119	1.0286	1.0477	1.0286	1.0186	1.0396	0.9935	0.9774	0.9503	0.9313	0.9202
28116 	nan	0.9507	1.0188	1.1276	1.1622	1.3259	1.0493	1.2252	1.0198	1.0503	0.9924	0.9924	0.9344	0.9070	0.9314
28130 	nan	0.9627	1.0099	1.1144	1.1435	0.9988	1.0410	0.9988	1.0089	1.0471	1.0028	0.9717	0.9486	0.9184	0.9305
28141 	nan	0.9742	0.9832	1.1079	1.1190	1.0285	1.0426	1.0285	1.0204	1.0375	0.9943	0.9752	0.9481	0.9380	0.9259
28144 	nan	0.9602	1.0106	1.1154	1.1486	1.0126	1.0448	1.0126	1.0267	1.0448	0.9935	0.9834	0.9411	0.9249	0.9290
28145 	nan	0.9597	1.0161	1.1188	1.1430	1.0141	1.0453	1.0141	1.0272	1.0463	0.9940	0.9799	0.9416	0.9184	0.9295
28148 	nan	0.9626	1.0159	1.1076	1.1428	1.0079	1.0421	1.0079	1.0270	1.0482	0.9918	0.9767	0.9465	0.9233	0.9324
28149 	nan	0.9626	1.0049	1.1045	1.1428	1.0099	1.0411	1.0099	1.0280	1.0461	0.9918	0.9807	0.9465	0.9273	0.9344
28201 	nan	0.9600	0.9958	1.1115	1.1214	0.9968	1.0437	0.9968	1.0198	1.0427	0.9978	0.9739	0.9480	0.9251	0.9291
28213 	nan	0.9711	1.8750	1.1054	1.1188	1.0010	1.0382	1.0010	1.0062	1.0393	0.9886	0.9742	0.9628	0.9256	0.9287
28243 	nan	1.0456	0.9831	1.0241	1.1377	1.1531	1.0241	1.0661	1.0241	1.0405	1.0691	1.0189	0.9964	0.9688	0.9462
28244 	1.0293	0.9596	0.9778	1.1090	1.1514	1.1847	1.0242	1.0959	1.0272	1.0464	1.0212	0.9576	0.9506	0.9253	0.9152
28246 	nan	0.9514	1.0226	1.1298	1.1429	0.9925	1.0366	0.9925	1.0115	1.0506	0.9985	0.9614	0.9484	0.9383	0.8962
28247 	nan	0.9620	-5.9793	1.1214	1.1432	0.9991	1.0373	0.9991	1.0155	1.0482	1.0024	0.9631	0.9532	0.9369	0.9030
28248 	nan	0.9621	1.9159	1.1141	1.1410	1.0076	1.0407	1.0076	1.0034	1.0397	0.9848	0.9714	0.9528	0.9331	0.9197
28249 	nan	0.9682	2.5227	1.1140	1.1381	1.0206	1.0448	1.0206	1.0017	1.0437	0.9944	0.9682	0.9587	0.9189	0.9199
28259 	nan	0.9702	1.1553	1.0986	1.1229	1.0177	1.0319	1.0177	1.0076	1.0359	0.9954	0.9732	0.9489	0.9337	0.9509
28281 	nan	0.9282	1.0146	1.1530	1.1611	1.0517	1.0467	1.0517	1.0256	1.0728	0.9774	0.9754	0.9222	0.9062	0.8991
28314 	nan	0.9775	1.0194	1.1627	1.2231	1.2272	1.0747	1.1351	1.0215	1.0901	1.1136	0.9887	0.9683	0.7953	0.9089
28317 	nan	0.8928	0.9547	1.0755	1.1157	0.9930	0.9959	0.9930	0.9527	1.0018	0.9704	0.9006	0.8889	0.8947	1.1432
28318 	nan	0.9556	0.9968	1.1246	1.1457	1.0813	1.0370	1.0813	1.0028	1.0541	1.0220	0.9505	0.9475	0.9093	0.9274
28319 	nan	0.8903	0.9372	1.0446	1.0739	1.0377	0.9665	1.0377	0.9265	0.9821	0.9518	0.9001	0.8776	0.9343	1.1949
28330 	nan	0.9580	0.9930	1.1121	1.1241	0.9970	1.0410	0.9970	1.0080	1.0501	1.0000	0.9590	0.9479	0.9209	0.9279
28344 	nan	0.9618	0.9980	1.1155	1.1546	1.0161	1.0361	1.0161	1.0080	1.0502	0.9819	0.9649	0.9448	0.9207	0.9327
28345 	nan	0.9612	0.9863	1.1086	1.1407	1.0104	1.0324	1.0104	1.0094	1.0464	0.9833	0.9602	0.9392	0.9272	0.9462
28350 	nan	0.9677	0.9888	1.1111	1.1302	1.0018	1.0339	1.0018	1.0048	1.0420	1.0018	0.9627	0.9467	0.9296	0.9367
28460 	nan	0.9600	0.9958	1.1115	1.1214	0.9968	1.0437	0.9968	1.0198	1.0427	0.9978	0.9739	0.9480	0.9251	0.9291
28464 	nan	0.9600	0.9958	1.1115	1.1214	0.9968	1.0437	0.9968	1.0198	1.0427	0.9978	0.9739	0.9480	0.9251	0.9291
28465 	1.0213	0.9492	0.9933	1.1085	1.1516	1.0344	1.0334	1.0344	1.0033	1.0354	0.9993	0.9391	0.9291	0.9351	0.9371
28581 	nan	1.1116	1.0634	1.2191	1.2239	3.3096	1.1491	3.3096	1.1213	1.1442	1.0947	5.1563	0.4333	0.9934	1.0610
28710 	nan	0.9846	1.0195	1.1260	1.1578	1.2182	1.0666	1.1270	1.0686	1.0492	1.0328	1.0246	0.9611	0.8945	0.9027
28714 	nan	1.0101	1.0152	1.1298	1.1511	1.0203	1.0416	1.0203	1.0436	1.0649	1.0081	0.9868	0.9675	0.8895	0.9067
28717 	nan	0.9919	1.0222	1.1293	1.1677	1.0505	1.0232	1.0505	1.0121	1.0747	0.9828	0.9768	0.9586	0.9101	0.9040
28718 	nan	1.0141	1.0131	1.1352	1.1678	1.0507	1.0436	1.0507	1.0630	1.0650	1.0100	0.9846	0.9703	0.8807	0.9051
28766 	nan	0.9938	1.0281	1.1333	1.1676	1.0110	1.0524	1.0110	1.0069	1.0635	1.0170	0.9685	0.9452	0.8886	0.9169
28767 	nan	0.9960	1.0364	1.1294	1.1598	1.0111	1.0495	1.0111	1.0121	1.0607	1.0051	0.9707	0.9464	0.8969	0.9171
28787 	nan	1.0107	0.9837	1.1311	1.1477	2.0526	1.0543	2.0526	0.9972	1.0616	1.0014	0.9723	0.9547	0.8872	0.9111
28826 	nan	0.9924	0.9914	1.1171	1.1546	1.1749	1.0431	1.0867	1.0309	1.0563	1.0035	0.9660	0.9518	0.9184	0.9133
28847 	nan	1.0036	1.0381	1.1305	1.1712	0.9954	1.0543	0.9954	1.0462	1.0615	1.0137	0.9843	0.9568	0.8928	0.9040
28856 	nan	1.0012	1.0204	1.1309	1.1583	1.0123	1.0508	1.0123	1.0245	1.0650	1.0285	0.9779	0.9525	0.8917	0.9090
28857 	nan	0.9929	1.0152	1.1264	1.1567	1.0202	1.0425	1.0202	1.0121	1.0586	1.0263	0.9757	0.9585	0.9070	0.9070
28881 	1.0004	1.0024	0.9974	1.1205	1.1265	1.0004	1.0484	1.0004	1.0274	1.0525	1.0054	0.9774	0.9574	0.9084	0.9124
28885 	nan	1.0059	0.9565	1.1237	1.1317	1.0240	1.0482	1.0240	1.0169	1.0290	0.9877	0.9767	0.9716	0.9012	0.9263
28888 	nan	1.0056	1.0035	1.1238	1.1491	1.0167	1.0490	1.0167	1.0096	1.0541	1.0106	0.9763	0.9581	0.8974	0.9176
28894 	1.0004	1.0024	0.9974	1.1205	1.1265	1.0004	1.0484	1.0004	1.0274	1.0525	1.0054	0.9774	0.9574	0.9084	0.9124
28896 	1.0208	0.9854	1.0147	1.1331	1.1746	1.0694	1.0461	1.0694	0.9986	1.0552	1.0087	0.9915	0.9338	0.9035	0.9075
28924 	nan	1.0025	0.9975	1.1206	1.1266	1.0005	1.0485	1.0005	1.0275	1.0525	1.0055	0.9775	0.9575	0.9085	0.9125
28988 	nan	1.0132	0.9736	1.1107	1.1431	1.1706	1.0406	1.0822	1.0213	1.0487	1.0091	0.9878	0.9624	0.9188	0.9188
28989 	nan	0.9978	1.0069	1.1151	1.1565	1.1586	1.0302	1.0716	1.0271	1.0575	0.9473	0.9655	0.9513	0.9230	0.9230
28990 	nan	1.0005	1.0315	1.1107	1.2188	1.1607	1.0275	1.0736	0.9885	1.0726	0.7932	0.9504	0.9614	0.9034	0.9244
29022 	1.0356	1.0004	0.9723	1.0979	1.1109	0.9944	1.0326	0.9944	1.0075	1.0366	1.0115	0.9663	0.9542	0.9070	0.9361
29024 	nan	1.0025	0.9975	1.1206	1.1266	1.0005	1.0485	1.0005	1.0275	1.0525	1.0055	0.9775	0.9575	0.9085	0.9125
29025 	nan	1.0056	0.9843	1.1153	1.1671	1.1214	1.0381	1.0686	1.0188	1.0513	1.0229	0.9843	0.9619	0.9060	0.9274
29026 	nan	0.9997	0.9793	1.1198	1.1656	1.2409	1.0383	1.1819	1.0109	1.0567	1.0210	0.9824	0.9589	0.9030	0.9233
29027 	nan	0.9973	1.0064	1.1294	1.1813	1.1111	1.0410	1.0583	1.0186	1.0613	1.0349	0.9790	0.9495	0.9017	0.9170
29071 	nan	0.9886	0.9956	1.1246	1.1458	1.0047	1.0591	1.0047	1.0158	1.0662	1.0118	0.9674	0.9463	0.8979	0.9059
29072 	nan	0.9743	1.0146	1.1429	1.1499	1.0066	1.0560	1.0066	1.0278	1.0631	1.0096	0.9914	0.9359	0.8915	0.9107
29115 	nan	0.9909	0.9899	1.1000	1.1111	1.1051	1.0475	1.0515	1.0343	1.0404	1.0101	0.9667	0.9636	0.9263	0.9222
29124 	nan	1.0195	0.9920	1.1007	1.1301	1.1900	1.0316	1.1007	1.0286	1.0469	0.9961	0.9667	0.9626	0.9250	0.9332
29218 	1.0000	1.0000	1.0000	1.0000	1.0000	1.0000	1.0000	1.0000	1.0000	1.0000	1.0000	1.0000	1.0000	1.0000	1.0000
29222 	1.0274	1.0112	0.9648	1.1142	1.1061	1.0274	1.0405	1.0274	1.0536	1.0395	0.9638	1.0123	0.9618	0.9164	0.9002
29223 	nan	1.0025	0.9975	1.1206	1.1266	1.0005	1.0485	1.0005	1.0275	1.0525	1.0055	0.9775	0.9575	0.9085	0.9125
29231 	nan	1.0068	1.0068	1.1313	1.1506	1.0088	1.0523	1.0088	1.0331	1.0564	1.0169	0.9835	0.9581	0.9014	0.9004
29234 	nan	1.0116	1.0066	1.1208	1.1430	1.0086	1.0460	1.0086	1.0197	1.0490	1.0005	0.9712	0.9540	0.9176	0.9126
29239 	nan	1.0177	1.0086	1.1219	1.1462	1.0126	1.0430	1.0126	1.0177	1.0521	1.0046	0.9722	0.9580	0.9267	0.8983
29251 	nan	0.9899	1.0314	1.1235	1.1619	1.0162	1.0557	1.0162	1.0374	1.0628	0.9939	0.9727	0.9474	0.8998	0.9109
29254 	nan	1.0005	1.0055	1.1266	1.1417	1.0025	1.0469	1.0025	1.0187	1.0530	1.0025	0.9632	0.9491	0.9128	0.9117
29257 	1.0287	0.9969	0.9252	1.0922	1.1014	1.7459	1.0430	1.7459	1.0277	1.0205	0.9662	0.9969	0.9631	0.9150	0.9375
29356 	1.0496	0.9723	1.0024	1.1249	1.1499	1.0044	1.0245	1.0044	1.0125	1.0516	0.9934	0.9472	0.9372	0.9071	0.9051
29359 	nan	1.0094	0.9933	1.1144	1.1396	1.0104	1.0427	1.0104	1.0114	1.0518	1.0013	0.9771	0.9590	0.9065	0.9256
29360 	nan	1.0116	0.9924	1.1166	1.1418	1.0096	1.0439	1.0096	1.0116	1.0510	1.0005	0.9753	0.9541	0.9107	0.9238
29361 	nan	1.0135	1.0003	1.1174	1.1396	1.0104	1.0437	1.0104	1.0084	1.0498	0.9993	0.9690	0.9509	0.9125	0.9256
29362 	nan	1.0143	1.0032	1.1174	1.1426	1.0093	1.0426	1.0093	1.0123	1.0537	1.0022	0.9719	0.9547	0.9072	0.9244
29388 	nan	0.9901	0.9941	1.1341	1.1674	1.0203	1.0566	1.0203	0.9941	1.0546	1.0012	0.9619	0.9367	0.9125	0.9055
29436 	nan	0.9907	0.9988	1.1302	1.1484	1.0201	1.0504	1.0201	1.0342	1.0494	0.9837	0.9978	0.9422	0.9109	0.9169
29521 	nan	1.0150	0.9998	1.1211	1.1454	1.0049	1.0453	1.0049	1.0231	1.0534	0.9998	0.9705	0.9543	0.9038	0.9220
29530 	nan	0.9895	1.0260	1.1211	1.1595	1.0148	1.0492	1.0148	1.0108	1.0594	1.0351	0.9693	0.9491	0.8944	0.9268
29531 	nan	0.9924	1.0126	1.1176	1.1408	1.0116	1.0439	1.0116	1.0126	1.0581	1.0268	0.9692	0.9480	0.9046	0.9278
29533 	nan	0.9929	1.0142	1.1193	1.1517	1.0111	1.0384	1.0111	1.0081	1.0607	1.0344	0.9767	0.9484	0.9060	0.9272
29534 	nan	0.9954	1.0187	1.1220	1.1666	1.0096	1.0390	1.0096	1.0278	1.0603	1.0167	0.9742	0.9509	0.9073	0.9205
29558 	nan	0.9938	1.0059	1.1264	1.1074	1.0159	1.0491	1.0159	1.0169	1.0390	0.9777	0.9677	0.9496	0.9034	0.9325
29563 	nan	1.0025	0.9975	1.1206	1.1266	1.0005	1.0485	1.0005	1.0275	1.0525	1.0055	0.9775	0.9575	0.9085	0.9125
29609 	nan	1.0164	0.9722	1.1040	1.1151	0.9983	1.0426	0.9983	1.0084	1.0346	0.9903	0.9762	0.9671	0.9128	0.9389
29617 	nan	0.9988	1.0099	1.1252	1.1262	1.0382	1.0504	1.0382	1.0332	1.0514	1.0008	0.9766	0.9513	0.9088	0.9129
29639 	nan	0.9818	1.0000	1.1211	1.1201	1.0595	1.0404	1.0595	1.0333	1.0515	1.0101	0.9677	0.9546	0.9092	0.9233
29763 	nan	1.0029	0.9845	1.1121	1.1559	1.2631	1.0478	1.2631	1.0315	1.0468	0.9835	0.9794	0.9519	0.9100	0.9315
29766 	nan	0.9897	1.0276	1.1197	1.1467	5.1835	1.0731	5.1835	1.0460	1.0471	0.9875	0.9605	0.9388	0.9063	0.9150
29775 	1.0301	1.0007	0.9784	1.1062	1.1335	1.1640	1.0382	1.0768	1.0362	1.0494	0.9936	1.0109	0.9510	0.9115	0.9135
29783 	nan	1.0025	1.0121	1.1195	1.2228	2.7010	1.0387	2.7010	1.0525	1.0546	1.0238	1.0014	0.9557	0.9003	0.9312
29788 	nan	0.9981	1.0305	1.1256	1.1559	1.0072	1.0457	1.0072	1.0194	1.0608	1.0072	0.9678	0.9435	0.9061	0.9183
29800 	nan	0.9997	0.9956	1.1166	1.1337	1.0017	1.0440	1.0017	1.0198	1.0470	0.9966	0.9654	0.9493	0.9130	0.9301
29804 	nan	1.0025	0.9975	1.1206	1.1266	1.0005	1.0485	1.0005	1.0275	1.0525	1.0055	0.9775	0.9575	0.9085	0.9125
29857 	nan	0.9905	1.0200	1.1255	1.1529	1.2057	1.0423	1.1143	1.0210	1.0463	0.9997	0.9601	0.9408	0.9317	0.9134
29912 	nan	0.9891	0.9240	1.1004	1.1315	0.9942	1.0282	0.9942	1.0172	1.0443	1.0072	0.9460	0.9390	0.9030	0.9851
29959 	nan	1.0133	0.9304	1.0871	1.1053	1.1670	1.0477	1.0801	1.0234	1.0224	1.0012	0.9931	0.9749	0.9223	0.9456
29985 	nan	0.9908	1.0099	1.1468	1.1720	1.0099	1.0522	1.0099	1.0210	1.0602	0.9626	0.9575	0.9424	0.9042	0.8941
29986 	nan	1.0025	0.9975	1.1206	1.1266	1.0005	1.0485	1.0005	1.0275	1.0525	1.0055	0.9775	0.9575	0.9085	0.9125
30011 	nan	0.9919	0.9980	1.1188	1.1349	0.9970	1.0443	0.9970	1.0252	1.0514	1.0020	0.9617	0.9507	0.9245	0.9104
30015 	nan	1.0002	0.9750	1.1229	1.1370	0.9992	1.0475	0.9992	1.0213	1.0485	0.9931	0.9619	0.9539	0.9207	0.9066
30057 	nan	1.0010	0.9960	1.1181	1.1241	1.0141	1.0474	1.0141	1.0272	1.0535	1.0061	0.9788	0.9586	0.9092	0.9132
30175 	nan	1.0165	0.0852	1.0174	1.1942	1.1742	0.9711	1.1733	0.9720	0.9621	1.0065	0.9856	0.9992	0.9131	1.1371
30179 	nan	1.1796	1.0953	1.0973	1.1952	1.2577	1.1411	1.2556	1.1619	1.1327	1.1931	1.1379	1.1515	1.0630	0.4144
30181 	1.0000	1.0000	1.0000	1.0000	1.0000	1.0000	1.0000	1.0000	1.0000	1.0000	1.0000	1.0000	1.0000	1.0000	1.0000
30257 	1.0286	1.0058	0.8860	1.0434	0.9711	0.9969	0.9890	0.9969	0.9949	0.9761	0.9870	0.9702	0.9870	0.9108	1.0652
30275 	nan	1.0124	0.8467	1.0432	1.0203	0.9042	0.9916	0.9042	1.0164	0.9777	1.0223	0.9935	0.9945	0.9201	1.0730
30296 	nan	1.0102	0.8597	1.0528	0.9766	0.9964	0.9944	0.9964	0.9983	0.9756	1.0162	0.9736	0.9825	0.8993	1.0954
30297 	nan	1.0094	0.8539	1.0471	0.9827	0.9965	0.9916	0.9965	0.9946	0.9767	1.0203	0.9708	0.9856	0.9064	1.0926
30298 	nan	1.0135	0.8309	1.0274	1.0195	1.0554	0.9845	1.0554	1.0035	0.9716	0.9985	1.0234	0.9945	0.9187	1.1032
30307 	nan	1.0183	0.7867	1.0642	1.0712	1.0263	0.9854	1.0263	0.9983	0.9794	1.0443	0.9993	0.9894	0.9055	1.0762
30310 	nan	1.0117	0.8228	1.0453	0.9830	1.0048	0.9860	1.0048	0.9939	0.9751	1.0127	0.9771	0.9850	0.9039	1.1047
30357 	nan	1.0428	0.8787	1.0035	1.0347	1.0237	1.0166	1.0237	1.0196	1.0035	1.0458	1.0075	1.0166	0.9210	1.0388
30371 	nan	1.0303	0.8597	0.9721	1.0423	1.0032	0.9972	1.0032	1.0232	0.9972	1.0403	0.9952	0.9992	0.9109	1.1236
30372 	nan	1.0129	0.7790	1.0902	1.0098	1.9963	0.9620	1.9963	1.0108	0.9620	0.9946	0.9854	0.9895	0.9051	1.0912
30382 	1.0268	1.0030	0.8353	1.0089	1.0159	0.9524	0.9881	0.9514	1.0069	0.9752	1.0367	0.9633	0.9792	0.9196	1.1022
30383 	nan	1.0061	0.8938	1.0429	0.9634	1.0012	0.9902	1.0012	1.0330	0.9853	1.0300	0.9684	0.9942	0.9236	1.0638
30386 	nan	1.0505	0.8747	0.9616	1.0404	1.0182	1.0141	1.0182	1.0444	1.0111	1.0556	1.0091	1.0253	0.9283	1.0596
30387 	nan	1.0434	0.9030	0.9414	1.0343	1.0091	1.0121	1.0091	1.0475	1.0081	1.0556	1.0061	1.0212	0.9232	1.0939
30398 	nan	0.9970	0.8518	1.0474	0.9881	0.9941	0.9911	0.9941	0.9960	0.9704	1.0158	0.9545	0.9763	0.9051	1.1097
30405 	nan	1.0109	0.8718	1.0437	0.9930	1.0099	0.9901	1.0099	1.0040	0.9732	1.0199	0.9761	0.9821	0.9125	1.0984
30406 	nan	1.0122	0.8115	1.0349	0.9845	0.9984	0.9895	0.9984	0.9974	0.9796	1.0171	0.9707	0.9855	0.9104	1.1002
30434 	1.0381	1.0134	nan	nan	nan	1.0227	1.0052	1.0216	1.0206	0.9825	1.0278	0.9907	0.9948	0.9330	1.1227
30435 	nan	1.0155	nan	nan	nan	1.3451	1.0037	1.1236	1.0219	0.9888	1.0358	0.9834	0.9963	0.9331	1.1257
30436 	nan	1.0132	nan	nan	nan	1.2367	1.0069	1.0311	1.0216	0.9910	1.0322	0.9837	0.9931	0.9288	1.1270
30445 	nan	1.0065	nan	nan	nan	1.2202	1.0148	1.0172	1.0065	0.9887	1.0291	0.9721	0.9935	0.9294	1.0979
30447 	nan	1.0140	0.8929	nan	1.0020	1.0010	1.0020	1.0010	1.0210	0.9880	1.0400	0.9850	0.9980	0.9239	1.0791
30456 	nan	1.0214	0.8674	nan	1.0164	0.9985	0.9965	0.9975	1.0124	0.9925	1.0472	0.9856	1.0015	0.9985	1.0502
30507 	nan	1.0168	0.8653	nan	1.0117	1.2283	1.0025	1.0239	1.0046	0.9802	1.0056	0.9781	0.9975	0.9151	1.0554
30516 	1.0333	0.9995	0.8794	nan	0.9965	1.0223	1.0045	1.0213	1.0243	0.9896	1.0253	0.9787	1.0005	0.9241	1.0789
30527 	nan	1.0204	0.8947	nan	1.0072	1.2198	0.9980	1.0164	1.0143	0.9928	1.0307	0.9785	1.0020	0.9315	1.0951
30530 	1.0340	1.0137	0.9010	nan	0.9853	1.0706	0.9975	1.0706	1.0036	0.9893	1.0391	0.9883	1.0025	0.8908	1.0889
30532 	nan	1.0296	0.9070	nan	1.0010	1.0358	0.9898	1.0358	1.0327	0.9928	1.0592	1.0010	1.0072	0.9254	1.1011
30538 	nan	1.0080	0.8863	nan	1.0110	1.0040	1.0090	1.0040	1.0140	0.9880	1.0349	0.9741	0.9920	0.9282	1.0678
30543 	nan	1.0082	0.8867	nan	1.0173	1.1500	1.0071	0.9571	1.0224	0.9857	1.0337	0.9776	0.9929	0.9214	1.0959
30550 	nan	1.0235	0.9306	nan	1.0085	1.0275	1.0045	1.0255	1.0334	0.9865	1.0325	0.9925	0.9955	0.9356	1.0854
30552 	nan	1.0124	0.8946	nan	1.0045	1.0173	1.0054	1.0163	1.0233	0.9886	1.0292	0.9827	0.9946	0.9203	1.0668
30554 	nan	1.0203	0.8689	nan	0.9929	1.0559	1.0041	1.0559	1.0132	0.9848	1.0193	0.9959	0.9959	0.9187	1.0640
30564 	nan	1.0116	0.8830	nan	0.9853	1.0461	0.9995	1.0461	1.0015	0.9843	1.0258	0.9722	1.0005	0.9225	1.0775
30568 	nan	1.0051	0.8846	nan	1.0398	1.2308	0.9990	1.0266	1.0235	0.9888	1.0409	0.9694	1.0010	0.9091	1.0858
30570 	nan	1.0050	0.8685	nan	1.0301	1.0251	1.0000	1.0251	1.0422	0.9890	1.0422	1.0080	1.0000	0.9177	1.0783
30571 	nan	1.0005	0.9024	nan	0.9944	1.2243	1.0097	1.0210	1.0240	0.9903	1.0383	0.9903	0.9995	0.9157	1.0966
30572 	nan	1.0066	0.8682	nan	0.9751	1.2285	0.9954	1.0239	1.0168	0.9873	1.0280	0.9781	1.0046	0.9282	1.1033
30573 	nan	1.0062	0.8944	nan	1.0441	1.2431	1.0010	1.0359	1.0103	0.9805	1.0574	0.9908	0.9990	0.9221	1.0872
30575 	nan	1.0041	0.8875	nan	1.0485	1.2786	1.0144	1.0650	1.0217	0.9907	1.0392	0.9814	0.9959	0.9205	1.1269
30579 	1.0407	1.0095	0.8689	nan	1.0085	1.0095	1.0015	1.0095	1.0246	0.9864	1.0357	0.9724	0.9985	0.9292	1.1150
30580 	1.0356	1.0071	0.9277	nan	0.9959	1.0143	1.0041	1.0143	1.0265	0.9888	1.0244	0.9878	0.9959	0.9196	1.1029
30594 	nan	1.0076	0.8926	nan	1.0025	1.0850	1.0066	1.0850	1.0209	0.9863	1.0066	0.9995	0.9934	0.9120	1.0718
30595 	nan	1.0140	0.8929	nan	1.0020	1.0010	1.0020	1.0010	1.0210	0.9880	1.0400	0.9850	0.9980	0.9239	1.0791
30597 	nan	1.0123	0.8936	nan	1.0092	1.2242	0.9980	1.0205	1.0143	0.9918	1.0481	0.9816	1.0020	0.9427	1.0952
30619 	nan	1.0176	0.8907	nan	0.9884	1.0096	0.9924	1.0096	1.0166	0.9874	1.0358	0.9894	1.0076	0.8826	1.1244
30622 	nan	0.9995	0.8484	nan	0.9934	1.0720	1.0005	1.0720	1.0271	0.9903	1.0260	1.0066	1.0077	0.9331	1.1189
30629 	nan	1.0051	0.8812	nan	1.0782	1.0944	1.0041	1.0944	1.0284	0.9848	1.0041	1.0122	0.9959	0.9249	1.0934
30631 	nan	0.9995	0.9433	nan	1.1118	1.1617	1.0057	1.1617	1.0317	0.9839	0.9693	1.0172	1.0005	0.9184	1.1076
30660 	nan	1.0199	0.8596	nan	1.0015	1.0516	0.9995	1.0516	1.0250	0.9872	1.0260	0.9954	1.0005	0.9362	1.1169
30668 	nan	1.0221	0.8772	nan	1.0211	1.0580	1.0026	1.0580	1.0498	0.9841	0.9944	1.0334	0.9974	0.9286	1.1115
30669 	nan	1.0179	0.9364	nan	1.0070	1.0020	1.0079	1.0010	1.0199	0.9911	1.0357	0.9762	0.9921	0.9235	1.0904
30671 	nan	1.0270	0.9461	nan	1.0140	1.0060	0.9980	1.0050	1.0300	0.9970	1.0230	1.0000	1.0020	0.9411	1.0949
30672 	nan	1.0201	0.8716	nan	1.0251	1.0050	1.0010	1.0050	1.0281	0.9920	1.0371	0.9809	0.9990	0.9358	1.0893
30675 	1.0376	1.0046	0.8852	nan	1.0170	1.1384	1.0149	1.1374	1.0335	0.9892	1.0376	0.9810	0.9954	0.9315	1.0870
30701 	nan	1.0335	1.0155	nan	1.0005	1.0025	1.0005	1.0015	1.0005	1.0215	0.9885	1.0385	0.9855	0.9995	0.9245
30722 	nan	1.0128	0.8831	nan	0.9801	1.2363	1.0005	1.0291	1.0168	0.9893	1.0291	0.9781	0.9995	0.9219	1.1251
30723 	nan	1.0251	0.8486	nan	1.0713	1.1811	0.9933	0.9820	1.0272	0.9810	1.0405	0.9872	1.0067	0.9236	1.1237
30750 	nan	1.0041	0.8929	nan	1.0224	1.2245	1.0112	1.0194	1.0173	0.9949	1.0571	0.9878	0.9959	0.9112	1.0673
30774 	nan	1.0140	0.8929	nan	1.0020	1.0010	1.0020	1.0010	1.0210	0.9880	1.0400	0.9850	0.9980	0.9239	1.0791
30809 	1.0354	1.0095	0.8687	nan	1.0075	1.0255	1.0065	1.0245	1.0265	0.9865	1.0334	0.9785	0.9935	0.9416	1.1113
30810 	1.0363	1.0094	0.8564	nan	0.9637	1.0204	1.0045	1.0194	1.0214	0.9886	1.0293	0.9776	0.9955	0.9409	1.1118
30811 	1.0376	1.0099	0.8614	nan	0.9822	1.0238	1.0020	1.0228	1.0168	0.9901	1.0119	0.9743	0.9980	0.9376	1.0644
30812 	1.0325	1.0055	0.8606	nan	0.9975	1.0075	1.0095	1.0075	1.0225	0.9865	1.0385	0.9735	0.9945	0.9345	1.0705
30813 	1.0494	1.0155	0.9066	nan	1.0135	1.0145	0.9995	1.0135	1.0424	0.9945	0.9945	0.9875	1.0005	0.9446	1.0734
30814 	1.0423	1.0114	0.9259	nan	1.0164	1.0094	0.9995	1.0085	1.0353	0.9906	0.9587	0.9826	1.0005	0.9398	1.0721
30815 	nan	1.0140	0.8929	nan	1.0020	1.0010	1.0020	1.0010	1.0210	0.9880	1.0400	0.9850	0.9980	0.9239	1.0791
30827 	nan	1.0107	0.8353	nan	1.1178	1.0658	0.9893	1.0658	1.0219	0.9852	1.0240	0.9913	1.0127	0.9067	1.0688
30847 	nan	1.0143	0.8837	nan	1.0031	1.0786	1.0041	1.0786	1.0082	0.9898	1.0306	0.9684	0.9959	0.9255	1.0949
30857 	nan	1.0010	0.8443	nan	1.0040	1.0465	1.0000	1.0465	1.0303	0.9879	1.0354	0.9970	1.0000	0.9191	1.0556
30864 	nan	1.0178	0.8979	nan	1.0036	1.1001	0.9995	1.0990	1.0056	0.9843	1.0300	0.9914	1.0005	0.8979	1.0615
30865 	nan	1.0376	0.8911	nan	0.9888	1.0387	0.9949	1.0376	1.0132	0.9939	1.0214	0.9990	1.0051	0.8820	1.1007
30889 	nan	1.0236	0.8686	nan	1.0205	1.0719	0.9979	1.0719	1.0380	0.9897	1.0236	1.0062	1.0021	0.9353	1.1057
30899 	1.0574	1.0236	0.8678	nan	0.9990	1.1189	0.9908	1.1178	1.0533	0.9877	0.9805	0.9857	1.0092	0.9273	1.0953
30903 	nan	1.0149	0.8746	nan	1.0060	0.9970	1.0020	0.9970	0.9950	0.9811	1.0308	0.9821	0.9980	0.9254	1.0876
30904 	1.0402	1.0194	0.0000	nan	1.0340	1.2335	0.9945	1.2335	0.9861	0.9730	1.0194	0.9882	1.0055	0.9189	1.1033
30907 	nan	1.0140	0.8942	nan	1.0020	0.9980	1.0020	0.9980	1.0200	0.9870	1.0389	0.9850	0.9980	0.9242	1.0768
30933 	nan	1.0020	0.8747	nan	0.9619	1.0010	1.0140	1.0010	1.0030	0.9860	0.9299	0.9760	0.9980	0.9108	1.0802
30935 	nan	1.0152	0.8778	nan	0.9717	1.0071	1.0030	1.0071	1.0081	0.9818	1.0091	0.9828	0.9970	0.9202	1.0919
30936 	nan	1.0161	0.8771	nan	0.9617	1.0040	1.0000	1.0040	1.0010	0.9758	1.0131	0.9829	1.0000	0.9154	1.0926
30937 	1.0394	1.0121	0.8979	nan	0.9596	1.0283	1.0000	1.0273	1.0233	0.9707	1.0071	0.9879	1.0000	0.8928	1.1102
30950 	nan	1.0094	0.8823	nan	0.9975	0.9965	1.0035	0.9965	1.0134	0.9886	1.0422	0.9786	0.9965	0.9319	1.0422
30975 	nan	1.0219	0.8709	nan	0.9770	1.0516	0.9985	1.0505	1.0107	0.9923	1.0393	0.9832	1.0015	0.9270	1.1230
30984 	nan	1.0140	0.8929	nan	1.0020	1.0010	1.0020	1.0010	1.0210	0.9880	1.0400	0.9850	0.9980	0.9239	1.0791
31008 	nan	1.0066	0.9477	nan	0.9843	1.0381	1.0157	1.0371	1.0615	0.9924	1.0371	0.9660	0.9934	0.9050	1.0625
31009 	nan	1.0061	0.8365	nan	0.9748	1.0212	1.0010	1.0202	1.0303	0.9859	0.9657	0.9818	0.9990	0.9384	1.0928
31092 	nan	1.0125	0.8660	nan	1.0005	1.0025	1.0025	1.0025	1.0154	0.9865	1.0394	0.9786	0.9975	0.9327	1.0732
31105 	nan	1.0136	0.8321	nan	0.9713	1.0267	0.9945	1.0267	1.0136	0.9934	1.0076	0.9743	1.0055	0.9178	1.0691
31113 	1.0414	1.0124	0.8592	nan	1.0424	1.0818	1.0072	1.0818	1.0217	0.9855	1.0217	0.9990	0.9928	0.9317	1.0652
31114 	nan	1.0189	0.8880	nan	1.0046	1.1877	1.0026	0.9893	1.0148	0.9913	1.0486	0.9872	0.9974	0.9330	1.0701
31117 	nan	1.0218	0.9222	nan	1.0114	1.1421	1.0041	1.1421	1.0166	0.9959	1.0436	0.9886	0.9948	0.9450	1.0830
31141 	nan	1.0173	0.8629	nan	0.9866	0.9946	0.9985	0.9946	0.9886	0.9827	1.0312	0.9767	1.0015	0.9292	1.0549
31206 	nan	1.0125	0.8640	nan	1.0467	1.3655	1.0042	1.1391	1.0353	0.9834	1.0280	1.0021	0.9958	0.9502	1.0768
31207 	nan	1.0025	0.9691	nan	1.0167	1.0157	1.0046	1.0157	1.0572	0.9671	1.0319	0.9873	0.9975	0.8861	1.0116
31213 	1.0010	1.0140	0.8929	nan	1.0020	1.0010	1.0020	1.0010	1.0210	0.9880	1.0400	0.9850	0.9980	0.9239	1.0791
31223 	nan	1.0184	0.9088	nan	0.9857	1.2121	0.9959	1.0092	1.0307	0.9928	1.0564	0.9795	1.0041	0.9416	1.1045
31230 	nan	1.0236	0.8596	nan	1.0000	1.2223	1.0031	1.0184	1.0102	0.9898	1.0451	0.9713	0.9969	0.9334	1.0881
31232 	nan	1.0117	0.8513	nan	0.9792	1.2288	1.0066	1.0238	1.0036	0.9863	1.0381	0.9670	0.9934	0.9183	1.0320
31235 	nan	1.0036	0.8659	nan	0.9893	1.2330	0.9985	1.0270	1.0178	0.9893	1.0413	0.9689	1.0015	0.9220	1.0801
31238 	nan	1.0051	0.9040	nan	0.9888	1.0572	1.0031	1.0572	1.0133	0.9877	1.0419	0.9806	0.9969	0.9346	1.0858
31241 	1.0546	1.0237	0.8867	nan	0.9887	1.1226	0.9969	1.1215	1.0196	0.9938	1.0350	0.9876	1.0031	0.9619	1.0968
31246 	1.0489	1.0183	0.8727	nan	0.9837	1.0387	0.9969	1.0387	1.0163	0.9888	1.0367	0.9857	1.0031	0.9308	1.0815
31247 	nan	1.0209	0.8944	nan	0.9730	1.0362	0.9954	1.0362	1.0331	0.9964	1.0403	1.0015	1.0036	0.9403	1.0841
31250 	nan	1.0204	0.8950	nan	0.9735	1.0357	0.9949	1.0357	1.0336	0.9959	1.0387	1.0010	1.0041	0.9409	1.0775
31251 	nan	1.0137	0.8939	nan	0.9832	1.0361	0.9995	1.0361	1.0157	0.9904	1.0422	0.9802	1.0005	0.9304	1.0716
31258 	nan	1.0082	0.9928	nan	1.0205	1.0688	0.9713	1.0678	0.9908	0.9877	1.0637	0.9661	0.9918	1.0657	1.0996
31327 	nan	1.0140	0.8929	nan	1.0020	1.0010	1.0020	1.0010	1.0210	0.9880	1.0400	0.9850	0.9980	0.9239	1.0791
31338 	nan	1.0130	0.9160	nan	1.0579	1.3146	1.0005	1.0965	1.0287	0.9870	1.0516	0.9838	0.9995	0.9264	1.0454
31339 	nan	1.0120	0.8816	nan	1.0211	1.0080	0.9920	1.0080	1.0321	0.9930	1.0391	0.9840	1.0070	0.9378	1.0893
31340 	nan	1.0152	0.9576	nan	1.0906	1.1189	1.0016	1.1179	1.0707	0.9859	1.0550	0.9963	0.9984	0.9345	1.0843
31426 	1.0000	1.0000	1.0000	nan	1.0000	1.0000	1.0000	1.0000	1.0000	1.0000	1.0000	1.0000	1.0000	1.0000	1.0000
31441 	1.0122	1.0223	0.9005	nan	0.9878	1.0812	0.9959	1.0812	1.0173	0.9888	1.0274	0.9888	1.0041	0.8873	1.0528
31447 	nan	1.0198	0.8929	nan	0.9924	1.0391	0.9964	1.0391	1.0157	0.9893	1.0350	0.9893	1.0036	0.8980	1.0573
31450 	nan	1.0140	0.8929	nan	1.0020	1.0010	1.0020	1.0010	1.0210	0.9880	1.0400	0.9850	0.9980	0.9239	1.0791
31451 	nan	1.0140	0.8929	nan	1.0020	1.0010	1.0020	1.0010	1.0210	0.9880	1.0400	0.9850	0.9980	0.9239	1.0791
31452 	nan	1.0140	0.8929	nan	1.0020	1.0010	1.0020	1.0010	1.0210	0.9880	1.0400	0.9850	0.9980	0.9239	1.0791
31456 	nan	1.0140	0.8929	nan	1.0020	1.0010	1.0020	1.0010	1.0210	0.9880	1.0400	0.9850	0.9980	0.9239	1.0791
31471 	nan	1.0146	1.2487	nan	1.4406	2.2142	1.0006	2.2095	1.1176	0.9877	1.0872	1.0123	0.9994	0.8730	1.0860
31500 	nan	1.0212	0.8810	nan	0.9995	1.0035	0.9985	1.0035	1.0114	0.9936	1.0390	0.9807	1.0054	0.8859	1.0015
31508 	nan	1.0183	0.8750	nan	1.0244	1.0457	1.0000	1.0457	1.0254	0.9868	1.0447	0.9827	1.0000	0.9136	1.0335
31515 	nan	1.0124	0.8590	nan	0.9995	1.0005	0.9946	1.0005	1.0054	0.9896	1.0401	0.9758	1.0054	0.9203	1.0292
31518 	nan	1.0140	0.8929	nan	1.0020	1.0010	1.0020	1.0010	1.0210	0.9880	1.0400	0.9850	0.9980	0.9239	1.0791
31519 	nan	1.0121	0.8921	nan	1.0286	2.5749	0.9945	2.5727	1.0143	0.9923	1.0363	0.9956	1.0055	0.8921	1.0231
31529 	nan	1.0326	0.8676	nan	0.9857	1.0387	0.9959	1.0387	1.0193	0.9908	1.0407	0.9847	1.0041	0.9196	1.0601
31533 	nan	1.0257	0.8778	nan	1.0133	1.0729	1.0010	1.0729	1.0164	0.9887	1.0400	1.0000	0.9990	0.9240	1.0729
31534 	nan	1.0146	0.9173	nan	1.0817	1.4051	1.0049	1.4051	1.0568	0.9876	1.0568	0.9886	0.9951	0.9270	1.0611
31538 	nan	1.0103	0.8793	nan	0.9985	1.0123	1.0074	1.0113	1.0212	0.9897	1.0281	0.9916	0.9926	0.9236	1.0370
31540 	1.0091	1.0020	0.8678	nan	1.0061	1.0111	0.9980	1.0111	1.0242	0.9919	1.0343	0.9788	1.0101	0.8991	1.0192
31541 	nan	1.0149	0.8826	nan	1.0010	1.0020	1.0010	1.0020	1.0239	0.9950	1.0358	0.9821	0.9990	0.9234	1.0388
31542 	nan	1.0119	0.8632	nan	1.0059	1.0010	0.9970	1.0010	1.0218	0.9911	1.0436	0.9722	1.0030	0.9098	1.0317
31543 	1.0000	1.0000	1.0000	nan	1.0000	1.0000	1.0000	1.0000	1.0000	1.0000	1.0000	1.0000	1.0000	1.0000	1.0000
31549 	1.0134	1.0134	0.8908	nan	1.0072	1.1112	1.0051	1.1112	1.0690	0.9887	0.9691	1.0577	0.9949	0.9228	1.0505
31551 	nan	1.0207	0.8893	nan	0.9853	1.0389	0.9995	1.0389	1.0025	0.9904	1.0298	0.9793	1.0005	0.8843	1.0470
31552 	1.0312	1.0101	1.0735	nan	1.0966	1.1418	0.9899	1.1418	1.1764	0.9765	1.1389	0.8525	1.0303	0.3248	1.0591
31555 	nan	1.0355	0.8713	nan	1.0101	1.0567	0.9959	1.0567	1.0152	0.9939	1.0375	0.9919	1.0111	0.8875	1.0041
31557 	nan	1.0335	1.0155	nan	1.0005	1.0025	1.0005	1.0015	1.0005	1.0215	0.9885	1.0385	0.9855	0.9995	0.9245
31558 	nan	1.0302	0.9534	nan	1.0210	1.1254	0.9882	1.1234	1.0456	0.9882	1.0538	0.9800	1.0118	0.8889	1.0661
31559 	nan	1.0408	0.8786	nan	1.0070	0.9940	0.9980	0.9940	1.0119	0.9781	1.0159	1.0030	1.0020	0.9104	1.0577
31560 	nan	1.0218	0.8486	nan	0.9701	1.0137	0.9944	1.0137	1.0177	0.9914	1.0370	0.9803	1.0056	0.9246	1.0613
31563 	1.0153	1.0085	0.9152	nan	1.0405	1.1011	0.9983	1.1011	1.0582	0.9833	1.0453	0.9799	1.0017	0.0061	1.0473
31564 	nan	1.0138	0.8983	nan	0.9780	1.0322	1.0036	1.0322	1.0485	0.9882	1.0271	1.0005	0.9964	0.9259	1.0720
31565 	nan	1.0152	0.8609	nan	0.9716	1.0193	0.9970	1.0193	1.0365	0.9919	1.0305	0.9807	1.0030	0.9289	1.0711
31566 	nan	1.0140	0.8929	nan	1.0020	1.0010	1.0020	1.0010	1.0210	0.9880	1.0400	0.9850	0.9980	0.9239	1.0791
31567 	nan	1.0112	0.8712	nan	0.9928	1.0286	0.9969	1.0286	1.0511	0.9898	1.0276	0.9785	1.0031	0.9254	1.0736
31569 	nan	1.0140	0.8929	nan	1.0020	1.0010	1.0020	1.0010	1.0210	0.9880	1.0400	0.9850	0.9980	0.9239	1.0791
31570 	nan	1.0189	0.9012	nan	1.0138	1.0302	0.9933	1.0302	1.0445	0.9933	1.0630	0.9759	1.0067	0.9339	1.0835
31590 	nan	1.0236	0.8993	nan	1.0462	1.0421	0.9959	1.0421	1.0586	0.9846	1.0288	1.0000	1.0041	0.9116	1.0730
31595 	nan	0.9900	0.8764	nan	1.0279	1.0160	1.0289	1.0160	1.0120	0.9940	0.9601	0.9811	1.0060	0.9143	1.0837
31603 	nan	1.0147	0.8775	nan	0.9802	1.0778	0.9954	1.0768	1.0127	0.9893	1.0361	0.9863	1.0046	0.9232	1.0656
31619 	1.0000	1.0000	1.0000	nan	1.0000	1.0000	1.0000	1.0000	1.0000	1.0000	1.0000	1.0000	1.0000	1.0000	1.0000
31623 	1.0236	1.0256	0.9344	nan	0.9979	1.0862	0.9949	1.0862	1.0410	0.9908	1.0215	1.0072	1.0051	0.8985	1.0810
31645 	nan	1.0005	0.8360	nan	0.9749	1.0025	0.9995	1.0025	1.0025	0.9936	1.0281	0.9838	1.0074	0.9000	1.0350
31646 	nan	0.9995	0.8487	nan	0.9798	0.9926	1.0034	0.9926	1.0074	0.9837	1.0320	0.9798	1.0005	0.9059	1.0468
31648 	nan	0.9980	0.8556	nan	0.9792	0.9960	1.0059	0.9960	1.0079	0.9852	1.0317	0.9802	1.0020	0.9110	1.0673
31649 	1.0183	1.0173	0.8430	nan	0.9735	1.0673	0.9969	1.0663	1.0133	0.9878	1.0326	0.9745	1.0031	0.9286	1.0928
31669 	nan	1.0140	0.8929	nan	1.0020	1.0010	1.0020	1.0010	1.0210	0.9880	1.0400	0.9850	0.9980	0.9239	1.0791
31686 	nan	1.0264	0.8800	nan	1.0010	1.0570	0.9919	1.0570	1.0956	0.8474	1.0336	0.9786	1.0081	0.9379	1.0753
31697 	nan	1.0219	0.8795	nan	0.9940	0.9990	1.0000	0.9990	1.0050	0.9890	1.0378	0.9781	1.0000	0.9263	1.0747
31701 	nan	1.0264	0.8760	nan	0.9888	1.0366	0.9980	1.0366	1.0274	0.9858	1.0376	0.9858	1.0020	0.9055	1.0488
31720 	nan	1.0227	0.8687	nan	0.9714	0.9635	0.9911	0.9921	1.0296	0.9822	1.0237	0.9832	1.0089	0.9181	1.0612
31724 	nan	1.0185	0.9363	nan	1.0256	0.9554	1.0025	0.9835	1.0025	1.0075	0.9865	1.0446	0.9604	0.9975	0.9714
31725 	nan	1.0185	0.9363	nan	1.0256	0.9554	1.0025	0.9835	1.0025	1.0075	0.9865	1.0446	0.9604	0.9975	0.9714
31731 	nan	1.0306	0.8725	nan	0.9941	0.9516	0.9872	0.9792	1.0168	0.9960	1.0306	0.9802	1.0040	0.9229	1.0583
31733 	nan	1.0353	0.8733	nan	0.9965	0.9538	0.9836	0.9816	1.0114	0.9955	1.0482	0.9846	1.0045	0.9578	1.0651
31739 	nan	1.0213	0.8757	nan	0.9936	0.9529	0.9856	0.9807	1.0154	0.9906	1.0471	0.9837	1.0094	0.9292	1.0768
31741 	nan	1.0265	0.9022	nan	0.9888	1.0387	0.9827	1.0692	1.0275	0.9888	1.0387	1.0061	1.0112	0.9206	1.0906
31754 	nan	1.0300	0.8636	nan	0.9847	0.9572	0.9513	0.9847	1.0222	1.0015	1.0369	0.9897	1.0133	0.9985	0.9729
31831 	1.0500	0.9439	0.9550	nan	1.0045	0.9965	0.9955	0.9965	1.0116	1.0045	1.1016	0.9813	1.0157	0.9864	1.0177
31833 	1.0658	0.9729	0.9556	nan	0.9872	1.0271	0.9985	1.0271	1.0209	1.0015	1.0669	1.0036	1.0209	0.9964	1.0465
31834 	1.0585	0.9679	0.9832	nan	0.9659	1.0239	0.9995	1.0239	1.0249	1.0005	1.0646	0.9975	1.0178	0.9913	1.0433
31835 	1.0262	0.9567	0.9175	nan	0.9598	1.0070	1.0000	1.0070	1.0060	1.0000	1.0654	0.9839	0.9839	1.0060	1.0282
31836 	1.0263	0.9504	0.9393	nan	0.9767	1.0283	0.9990	1.0283	1.0283	1.0010	1.0719	0.9990	0.9929	1.0101	1.0314
31837 	1.0618	0.9760	0.9709	nan	0.9689	1.0311	1.0005	1.0311	1.0301	0.9985	1.0873	1.0107	1.0209	0.9995	1.0322
31839 	1.0452	0.9558	0.9416	nan	0.9548	1.0269	0.9985	1.0269	1.0320	1.0015	1.0787	1.0056	1.0117	0.9924	1.0533
31840 	1.0509	0.9613	0.9491	nan	0.9684	1.0275	1.0000	1.0275	1.0305	1.0000	1.0794	1.0051	1.0122	0.9929	1.0560
31841 	1.0564	0.9568	0.9426	nan	0.9649	1.0300	1.0025	1.0300	1.0290	0.9975	1.0819	1.0076	1.0066	0.9893	1.0473
31842 	1.0499	0.9603	0.9450	nan	0.9695	1.0316	1.0020	1.0316	1.0346	0.9980	1.0815	1.0122	1.0102	0.9939	1.0448
31845 	1.0192	0.9385	0.9718	nan	0.9466	1.0494	1.0101	1.0494	1.0161	1.0010	1.0524	0.9698	0.9990	0.9798	1.0454
31846 	1.0382	0.9520	0.9662	nan	0.9826	0.7034	1.0011	-29.3086	1.0153	0.9891	1.0600	0.9815	1.0022	0.9989	1.0349
31847 	1.0514	0.9628	0.9547	nan	0.9618	1.0249	0.9985	1.0249	1.0280	0.9995	1.0809	0.9954	1.0117	1.0005	1.0555
31848 	1.0483	0.9628	0.9455	nan	0.9700	1.0239	0.9985	1.0239	1.0178	1.0005	1.0768	0.9944	1.0137	0.9995	1.0616
31849 	1.0468	0.9603	0.9572	nan	0.9644	1.0336	1.0031	1.0336	1.0336	0.9969	1.0825	1.0153	1.0071	0.9898	1.0468
31851 	1.0509	0.9664	0.9572	nan	0.9664	1.0295	1.0000	1.0295	1.0285	1.0000	1.0784	1.0092	1.0143	0.9939	1.0428
31852 	1.0591	0.9725	0.9460	nan	0.9684	1.0306	1.0010	1.0306	1.0275	0.9939	1.0744	1.0133	1.0143	0.9990	1.0377
31854 	1.0444	0.9607	0.9403	nan	0.9883	1.0311	0.9954	1.0311	1.0311	1.0036	1.0914	0.9964	1.0148	0.9964	1.0648
31855 	1.0442	0.9588	0.9527	nan	0.9466	1.0320	1.0005	1.0320	1.0097	0.9995	1.0686	0.9934	1.0107	0.9995	1.0503
31856 	1.0527	0.9678	0.9514	nan	0.9760	1.0343	0.9995	1.0343	1.0271	1.0005	1.0742	1.0107	1.0148	0.9995	1.0578
31857 	1.0376	0.9542	0.9410	nan	0.9634	1.0366	1.0031	1.0366	1.0326	0.9969	1.0763	1.0173	1.0071	0.9959	1.0468
31858 	1.0483	0.9578	0.9487	nan	0.9568	1.0300	1.0025	1.0300	1.0137	0.9964	1.0768	0.9944	1.0097	0.9975	1.0412
31859 	1.0521	0.9581	0.9448	nan	0.9785	1.0358	1.0020	1.0358	1.0409	0.9969	1.1186	1.0123	1.0133	0.9980	1.0419
31860 	1.0447	0.9523	0.9655	nan	0.9391	1.0406	0.9990	1.0406	1.0183	0.9970	1.1066	0.9838	1.0081	1.0010	1.0365
31861 	1.0473	0.9567	0.9537	nan	0.9588	1.0382	0.9944	1.0382	1.0290	0.9975	1.1115	0.9964	1.0107	1.0025	1.0361
31862 	1.0527	0.9647	0.9371	nan	0.9821	1.0363	0.9964	1.0363	1.0414	1.0005	1.1090	1.0159	1.0138	0.9995	1.0486
31863 	1.0486	0.9616	0.9473	nan	0.9821	1.0414	0.9995	1.0414	1.0506	0.9923	1.1090	1.0281	1.0087	1.0005	1.0414
31865 	1.0449	0.9531	0.9521	nan	0.9562	1.0449	0.9969	1.0449	1.0377	0.9969	1.1295	0.9929	1.0082	1.0031	1.0377
31866 	1.0468	0.9603	0.9430	nan	0.9685	1.0315	0.9949	1.0315	1.0214	0.9959	1.0905	0.9980	1.0122	1.0041	1.0387
31867 	1.0599	0.9698	0.9483	nan	0.9892	1.0312	0.9985	1.0312	1.0333	0.9974	1.0947	1.0128	1.0148	1.0015	1.0486
31868 	1.0537	0.9668	0.9382	nan	0.9811	1.0332	0.9974	1.0332	1.0373	0.9964	1.0915	1.0179	1.0118	1.0026	1.0455
31869 	1.0460	0.9663	0.9459	nan	0.9806	1.0327	0.9990	1.0327	1.0388	0.9959	1.0950	1.0153	1.0102	1.0010	1.0460
31871 	1.0557	0.9678	0.9351	nan	0.9831	1.0291	0.9995	1.0291	1.0332	0.9974	1.0884	1.0118	1.0158	1.0005	1.0506
31872 	1.0618	0.9719	0.9310	nan	0.9821	1.0271	0.9954	1.0271	1.0281	0.9944	1.0843	1.0056	1.0189	1.0046	1.0506
31873 	1.0155	0.9618	1.0268	nan	0.9391	1.5129	0.9959	1.5129	1.0516	0.9948	1.0691	0.9825	1.0103	1.0041	1.0423
31902 	0.9923	0.9314	0.9549	1.0935	0.9520	0.9933	0.9825	0.9933	0.9884	0.9805	1.0149	0.9382	0.9962	0.9599	0.9952
31906 	1.0052	1.0934	0.9289	1.0322	0.9420	1.0092	0.9861	1.0092	1.0122	0.9961	1.0653	0.9721	1.0102	0.9490	1.0212
31909 	1.0112	1.0785	0.9258	1.0202	0.9609	1.0082	0.9871	1.0082	1.0142	0.9991	1.0755	0.9901	1.0062	0.9489	1.0273
31910 	1.0107	1.0728	0.9436	1.0228	0.9466	1.0067	0.9827	1.0067	1.0037	0.9947	1.0548	0.9787	1.0057	0.9586	1.0248
31911 	1.0102	1.0813	0.9360	1.0182	0.9450	1.0062	0.9821	1.0062	1.0031	0.9961	1.0573	0.9811	1.0102	0.9571	1.0262
31912 	1.0072	1.0592	0.9491	1.0262	0.9351	1.0112	0.9811	1.0112	1.0051	0.9911	1.0742	0.9801	1.0082	0.9671	1.0192
31913 	1.0170	1.0581	0.9359	1.0220	0.9509	1.0080	0.9820	1.0080	1.0080	0.9930	1.0721	0.9860	1.0070	0.9589	1.0200
31914 	1.0242	1.0592	0.9521	1.0352	0.9050	1.0092	0.9871	1.0092	1.0082	0.9851	1.1393	0.9551	0.9871	0.9531	1.0282
31915 	0.9974	1.0114	0.9104	1.0354	0.9794	1.0094	0.9924	1.0094	1.0274	0.9904	1.0855	0.9754	0.9984	0.9474	1.0384
31916 	1.0211	1.0573	0.9407	1.0211	0.9457	1.0271	0.9789	1.0271	1.0211	0.9889	1.0935	0.9930	1.0050	0.9698	1.0151
31918 	1.0175	1.0737	0.9282	1.0205	0.9523	1.0095	0.9814	1.0095	1.0085	0.9904	1.0737	0.9874	1.0065	0.9643	1.0195
31920 	1.0037	1.0338	0.9375	1.0399	0.9616	1.0138	0.9917	1.0138	1.0258	0.9877	1.0880	0.9927	0.9967	0.9596	1.0208
31921 	1.0041	1.0281	0.9532	1.0361	0.9093	1.0341	0.9912	1.0341	1.0111	0.9872	1.0890	0.9662	0.9902	0.9722	1.0191
31927 	0.9818	0.9847	0.9778	1.0316	0.9309	1.0296	0.9808	1.0296	1.0187	0.9857	1.0985	0.9688	0.9808	0.9967	1.0426
31930 	0.9962	1.0089	0.9167	1.0577	0.9294	5.2206	1.0058	5.2206	1.0036	0.9846	1.0810	0.9803	0.9920	0.9485	1.0153
31931 	1.0038	1.0283	0.9282	1.0453	0.9463	5.2276	0.9964	5.2276	1.0166	0.9857	1.0666	0.9932	1.0038	0.9559	1.0091
31933 	1.0153	1.0466	1.0183	1.0183	0.9678	1.0163	0.9790	1.0163	1.0254	0.9901	1.1031	0.9850	0.9991	0.9689	1.0294
31934 	1.0144	1.0557	0.9429	1.0224	0.9660	1.0174	0.9811	1.0174	1.0295	0.9862	1.1040	0.9902	0.9983	0.9701	1.0275
31936 	1.0096	1.0469	0.9371	1.0258	0.9653	1.0207	0.9845	1.0207	1.0348	0.9895	1.1154	0.9955	0.9965	0.9703	1.0238
31937 	0.9979	1.0309	0.9317	1.0399	0.9498	1.0119	0.9948	1.0119	1.0249	0.9898	1.0890	0.9858	1.0009	0.9558	1.0209
31938 	0.9909	1.0359	0.9539	1.0399	0.9219	1.0119	0.9949	1.0119	1.0149	0.9949	1.0858	0.9809	0.9979	0.9569	1.0249
31939 	1.0145	1.0476	1.0556	1.0245	0.9242	1.0145	0.9774	1.0145	1.0135	0.9894	1.0616	0.9693	0.9994	0.9693	1.0255
31940 	1.0205	1.0527	1.0175	1.0195	0.9532	1.0125	0.9783	1.0125	1.0115	0.9864	1.0466	0.9793	0.9974	0.9693	1.0286
31943 	1.0017	0.9266	0.9780	1.0412	0.8990	1.0017	0.9908	1.0017	1.0175	0.9908	1.1015	0.9582	0.9879	0.9642	1.0234
31944 	0.9993	0.9301	0.9521	1.0394	0.9140	1.3705	0.9943	1.3705	1.0344	0.9903	1.1207	0.9752	0.9893	0.9652	1.0224
31945 	1.0031	0.9342	0.9096	1.0375	0.9440	1.0188	0.9903	1.0188	1.0080	0.9883	1.0366	0.9362	0.9913	0.9617	1.0277
31946 	1.0075	0.9353	0.9393	1.0332	0.9175	1.0055	0.9867	1.0055	1.0174	0.9867	1.0895	0.9709	0.9907	0.9679	1.0273
31947 	0.9986	0.9314	1.0420	1.0420	0.9294	1.0193	0.9956	1.0193	1.0095	0.9927	1.0500	0.9048	0.9857	0.9640	1.0213
31948 	0.9864	0.9214	0.9253	1.0385	0.9263	1.0060	0.9952	1.0060	1.0188	0.9962	1.0474	0.9539	0.9913	0.9647	1.0277
31949 	1.0120	0.9427	0.9298	1.0259	0.9417	1.0041	0.9833	1.0041	1.0140	0.9853	1.0655	0.9873	0.9952	0.9675	1.0308
31950 	1.0113	0.9414	0.9275	1.0322	0.9803	1.0123	0.9863	1.0123	1.0352	0.9853	1.1110	0.9933	0.9983	0.9664	1.0202
31951 	1.0126	0.9412	0.9353	1.0275	0.9392	1.0077	0.9838	1.0077	1.0186	0.9838	1.0761	0.9928	0.9938	0.9680	1.0305
31952 	1.0143	0.9440	0.9341	1.0222	0.9410	1.0064	0.9826	1.0064	1.0143	0.9856	1.0579	0.9875	0.9935	0.9717	1.0301
31957 	nan	0.9277	0.8981	1.0226	0.9919	1.0048	0.9761	1.0048	1.0206	0.9791	1.0275	0.9781	0.9988	0.9741	1.0492
31959 	1.0139	0.9404	0.9314	1.0258	0.9523	1.0109	0.9801	1.0109	1.0239	0.9881	1.1014	0.9911	0.9920	0.9702	1.0298
31966 	1.0120	0.9416	0.9297	1.0240	0.9476	1.0041	0.9823	1.0041	1.0061	0.9853	1.0865	1.0081	0.9982	0.9674	1.0309
31967 	1.0183	0.9364	0.9482	1.0154	0.9314	0.9986	0.9778	0.9986	1.0035	0.9857	1.0588	0.9739	0.9976	0.9650	1.0401
31968 	1.0085	0.9261	0.9477	1.0341	0.9418	1.0076	0.9879	1.0076	0.9850	0.9860	0.9968	0.9350	0.9909	0.9732	1.0193
31969 	0.9963	0.9459	0.9103	1.0121	0.9390	0.9993	0.9775	0.9993	1.0003	0.9864	1.0794	0.9775	1.0032	0.9775	1.0467
31970 	1.0113	0.9383	0.9166	1.0182	0.9353	0.9975	0.9797	0.9975	0.9945	0.9846	1.0685	0.9748	0.9955	0.9758	1.0350
31972 	1.0243	0.9416	0.9022	1.0076	0.9278	0.9948	0.9731	0.9948	0.9909	0.9869	1.0667	0.9721	0.9958	0.9672	1.0450
31973 	1.0177	0.9419	0.9064	1.0069	0.9261	0.9951	0.9734	0.9951	0.9911	0.9882	1.0680	0.9734	0.9961	0.9695	1.0483
31974 	1.0003	0.9431	0.9095	1.0180	0.9322	0.9973	0.9815	0.9973	0.9944	0.9875	1.0674	0.9746	0.9963	0.9717	1.0447
31975 	1.0016	0.9373	0.9956	1.0243	0.9096	1.0055	0.9847	1.0055	1.0124	0.9847	1.0540	0.9709	0.9936	0.9669	1.0441
31977 	1.0072	0.9342	0.9776	1.0299	0.9076	0.9934	0.9884	0.9934	1.0023	0.9865	1.0595	0.9658	0.9914	0.9677	1.0289
31978 	1.0123	0.9385	0.9464	1.0332	1.0262	0.9783	0.9903	1.0073	1.0262	0.9823	1.0442	0.9963	0.9833	0.9714	1.0272
31979 	1.0144	0.9372	0.9996	1.0213	0.9145	1.0085	0.9818	1.0085	1.0134	0.9857	1.0698	0.9610	0.9946	0.9719	1.0303
31980 	1.0185	0.9424	0.9335	1.0165	0.9335	0.9977	0.9780	0.9977	1.0017	0.9829	1.0679	0.9701	0.9948	0.9750	1.0343
31987 	1.0059	0.9348	0.9160	1.0296	0.9239	1.0178	0.9842	1.0178	1.0128	0.9862	1.0751	0.9783	0.9872	0.9763	1.0306
31989 	1.0327	0.9310	0.9537	1.0199	0.9429	1.0021	0.9685	1.0021	1.0159	0.9794	1.0357	0.9636	1.0001	0.9666	1.0327
31991 	1.0118	0.9312	0.9135	1.0147	0.9164	1.0423	0.9774	1.0423	1.0059	0.9803	1.0374	0.9410	1.0029	0.9744	1.0383
32000 	1.0103	0.9106	0.8910	1.0299	0.9830	1.0143	0.9986	1.0143	0.9624	0.9673	0.9536	0.9605	0.9927	0.9830	1.0182
32001 	1.0222	0.9370	0.9737	1.0173	0.9608	1.0014	0.9756	1.0014	1.0004	0.9856	1.0778	0.9707	1.0004	0.9687	1.0302
32002 	1.0259	0.9367	0.9615	1.0150	0.9684	1.0041	0.9773	1.0041	0.9942	0.9833	1.0765	0.9694	0.9962	0.9664	1.0358
32003 	1.0227	0.9374	0.9741	1.0157	0.9454	1.0098	0.9790	1.0098	1.0008	0.9850	1.0772	0.9691	0.9979	0.9751	1.0246
32019 	1.0177	0.9281	0.8711	1.0098	0.9616	1.0049	0.9705	1.0049	0.9882	0.9872	1.0659	0.9656	1.0010	0.9823	1.0315
32027 	1.0177	0.9314	0.9622	1.0167	0.9552	1.0971	0.9800	1.0971	0.9899	0.9800	1.0623	0.9641	0.9989	0.9731	1.0336
32028 	0.9956	0.9218	0.9425	1.0144	0.9454	0.9878	0.9759	0.9878	0.9956	0.9759	1.0449	0.9612	0.9868	1.0025	1.0488
32029 	1.0055	0.9332	0.9867	1.0234	0.9669	1.0016	0.9827	1.0016	0.9966	0.9837	1.0511	0.9708	0.9956	0.9808	1.0283
32030 	1.0079	0.9347	0.9653	1.0257	0.9683	1.0010	0.9832	1.0010	0.9990	0.9812	1.0465	0.9693	0.9941	0.9802	1.0277
32031 	1.0241	0.9359	0.9706	1.0221	0.9646	1.0013	0.9815	1.0013	0.9993	0.9795	1.0468	0.9686	0.9943	0.9785	1.0201
32032 	1.0208	0.9347	0.9713	1.0238	0.9614	1.0129	0.9822	1.0129	0.9980	0.9802	1.0495	0.9644	0.9931	0.9782	1.0218
32038 	1.0194	0.9402	0.9075	1.0253	0.9669	0.9936	0.9709	0.9936	1.0055	0.9897	1.0797	0.9758	0.9986	0.9560	1.0402
32039 	1.0252	0.9400	0.9539	1.0103	0.9638	0.9965	0.9727	0.9965	0.9965	0.9856	1.0747	0.9707	1.0014	0.9697	1.0351
32040 	1.0314	0.9404	0.9641	1.0126	0.9463	0.9938	0.9740	0.9938	0.9908	0.9859	1.0670	0.9691	1.0017	0.9671	1.0274
32041 	1.0303	0.9382	0.9708	1.0134	0.9530	1.0045	0.9738	1.0045	1.0006	0.9808	1.0679	0.9689	1.0006	0.9738	1.0273
32044 	1.0190	1.0621	0.9510	1.0110	0.9540	1.0010	0.9780	1.0010	0.9930	0.9840	1.0691	0.9660	0.9980	0.9720	1.0380
32045 	1.0160	1.0691	0.9158	1.0140	0.9549	1.0020	0.9800	1.0020	1.0040	0.9900	1.0752	0.9810	0.9990	0.9589	1.0421
32048 	1.0240	1.0684	1.0412	1.0261	0.9878	1.0170	0.9817	1.0170	1.0039	0.9817	1.0543	0.9555	0.9928	0.9716	1.0220
32049 	1.0171	1.0631	0.9442	1.0401	0.9102	1.0121	0.9862	1.0121	1.0051	0.9842	1.0801	0.9642	0.9862	0.9692	1.0171
32050 	0.9749	1.0490	0.9800	1.0186	1.0155	1.1951	0.9790	1.1951	1.0490	1.0490	1.0500	0.9577	0.9770	0.9719	1.0297
32056 	1.0276	1.0486	0.9625	1.0236	0.9755	1.0066	0.9845	1.0066	0.9976	0.9785	1.0517	0.9645	0.9956	0.9735	1.0166
32057 	1.0273	1.0523	0.9303	1.0233	0.9463	1.0073	0.9833	1.0073	1.0093	0.9813	1.0633	0.9743	0.9973	0.9683	1.0193
32061 	1.0286	1.0657	1.0145	1.0185	0.9763	1.0245	0.9803	1.0245	0.9934	0.9793	1.0346	0.9542	0.9904	0.9763	1.0265
32065 	1.0201	1.0364	0.9528	0.9538	1.0436	0.9722	1.0201	1.0007	1.0201	1.0252	1.0038	1.0630	0.9773	1.0150	0.9885
32079 	1.0099	0.9279	0.9595	1.0237	0.9684	0.9990	0.9753	0.9990	0.9862	0.9822	1.0702	0.9555	0.9960	0.9773	1.0356
32080 	1.0179	0.9204	1.1274	1.0358	0.9522	0.9741	0.9841	0.9741	1.0219	0.9801	1.0517	0.9721	0.9900	0.9622	1.0299
32082 	1.0061	0.9306	0.9674	1.0409	1.0031	1.0081	0.9902	1.0081	1.0071	0.9813	1.0667	0.9485	0.9852	0.9733	1.0230
32083 	1.0151	0.9312	0.9282	1.0309	0.9914	0.9963	0.9825	0.9963	1.0092	0.9845	1.0358	0.9331	0.9934	0.9637	1.0299
32090 	0.9973	0.9232	1.0373	1.0443	1.1555	1.0223	0.9963	1.0223	1.0163	0.9893	1.0123	0.9082	0.9833	0.9712	1.0183
32096 	1.0051	0.9333	0.9383	1.0340	1.1407	1.0091	0.9932	1.0091	0.9991	0.9882	1.0490	0.9054	0.9852	0.9682	1.0261
32100 	0.9975	1.0097	0.9712	1.0381	1.1579	0.9854	0.9945	1.0138	1.0331	0.9783	1.0422	0.9925	0.9803	0.9833	1.0280
32101 	1.0055	0.9280	0.9813	1.0306	1.1482	1.0738	0.9924	1.0738	1.0065	0.9813	1.0447	0.9652	0.9864	0.9783	1.0256
32108 	1.0109	0.9346	0.9768	1.0310	1.1474	1.0109	0.9888	1.0109	0.9978	0.9808	1.0661	0.9637	0.9868	0.9728	1.0290
32122 	1.0251	0.9283	1.0049	1.0251	1.1783	1.0210	1.0039	1.0210	1.0291	0.9878	1.0170	0.9978	1.0281	0.8991	1.0311
32128 	1.0082	0.9251	0.9601	1.0242	1.1283	1.0011	0.9921	1.0011	1.0031	0.9861	1.0562	0.9731	0.9901	0.9691	1.0302
32138 	1.0104	0.9223	0.9584	1.0305	1.1957	0.9654	0.9864	0.9944	1.0024	0.9784	1.0285	0.9534	0.9844	0.9784	1.0315
32141 	1.0186	0.9273	0.9795	1.0247	1.1852	0.9986	0.9885	0.9986	1.0026	0.9805	1.0257	0.9675	0.9956	0.9665	1.0257
32148 	1.0182	0.9348	0.9660	1.0192	1.1137	0.9770	0.9821	1.0062	1.0293	0.9821	1.0615	1.0052	0.9861	0.9810	1.0313
32150 	1.0076	0.9303	0.9594	1.0166	1.1230	0.9785	0.9835	1.0066	1.0387	1.0066	1.0227	1.0086	0.9835	0.9795	1.0227
32152 	1.0120	0.9151	0.9640	1.0250	1.1389	1.0010	0.9860	1.0010	1.0010	0.9750	1.0330	0.9650	0.9880	0.9800	1.0340
32157 	0.9786	0.8888	1.0130	1.0130	1.1231	1.1746	0.9847	1.1746	1.0817	1.0029	1.0766	0.9514	1.0180	0.9494	1.0534
32169 	1.0010	0.9205	1.0080	1.0382	1.2082	0.9879	0.9940	1.0161	1.0010	0.9769	1.0523	0.9537	0.9829	0.9688	1.0382
32184 	1.0605	0.9196	0.8664	0.9945	1.1897	1.0586	0.9640	1.0586	0.8999	0.9718	0.9364	0.9699	1.0398	0.9985	0.9709
32233 	1.0173	0.9360	0.9519	1.0252	0.9816	0.9965	0.9846	0.9965	1.0024	0.9776	1.0480	0.9638	0.9895	0.9667	1.0391
32262 	1.0205	0.9364	0.9522	1.0215	0.9809	0.9601	0.9740	0.9888	0.9938	0.9770	1.0571	0.9671	0.9839	0.9760	1.0472
32272 	1.0143	0.9280	0.9826	1.0272	0.9885	0.9994	0.9865	0.9994	1.0004	0.9826	1.0460	0.9667	0.9955	0.9627	1.0312
32274 	0.9907	0.8888	1.0997	1.1324	1.0732	1.2587	0.9713	1.2587	1.2017	0.8225	1.0019	1.1772	1.2812	0.8215	0.9805
32284 	1.0130	0.9310	0.9468	1.0268	0.9695	0.9952	0.9764	0.9952	0.9903	0.9794	1.0584	0.9665	0.9942	0.9685	1.0416
32297 	0.9448	0.9389	0.8913	0.9220	1.1136	1.4004	0.9389	1.4004	0.9319	0.9577	0.9627	1.0054	1.2922	0.8446	1.0997
32298 	1.0292	0.9323	0.9314	1.0194	1.0085	1.0203	0.9581	1.0203	0.9838	0.9709	1.0095	0.9818	1.0114	0.9986	1.0124
32303 	0.9968	0.9308	1.0222	0.9968	1.0455	1.3115	0.9785	1.3115	1.0364	1.0283	1.0851	1.0181	0.9907	0.9247	1.0841
32304 	1.0165	0.9277	0.9277	1.0372	0.9997	1.0165	0.9908	1.0165	0.9583	0.9751	1.0263	0.9603	0.9918	0.9780	1.0106
32305 	1.0263	0.9273	0.9402	1.0332	0.9936	1.0204	0.9788	1.0500	1.0025	0.9531	0.9887	0.9867	0.9996	0.9877	1.0213
32308 	1.0171	0.9275	0.5680	0.8885	1.0035	2.2817	0.9236	2.2817	0.8154	1.1594	0.7950	1.0814	0.9655	1.0015	1.0444
32311 	1.1016	0.7613	0.7742	0.9653	0.9653	1.9316	0.9583	1.9316	0.9424	0.9215	0.9842	1.3067	0.8937	0.8956	1.2639
32312 	1.0690	0.9008	0.8636	1.0465	1.0025	1.0573	0.9918	1.0573	0.9399	0.9106	0.9761	0.9673	1.0103	0.9546	1.0172
32314 	1.0098	0.9243	0.9959	1.0197	0.9979	1.0018	0.9830	1.0018	1.0078	0.9800	1.0595	0.9671	0.9919	0.9690	1.0466
32315 	1.0262	0.8806	0.8489	1.0420	0.9806	1.3114	0.9559	1.3114	0.9400	0.9291	1.0093	1.1084	1.0004	0.9677	1.0787
32324 	1.0217	0.9362	0.9630	1.0128	1.0178	0.9690	0.9710	0.9979	1.0078	0.9750	1.0586	0.9760	0.9879	0.9800	1.0516
32325 	1.0170	0.9335	0.9693	1.0160	1.0051	1.0001	0.9763	1.0001	0.9991	0.9793	1.0797	0.9624	0.9872	0.9753	1.0489
32330 	0.8814	0.7989	1.1338	1.0320	0.9821	2.1423	1.0228	2.1423	1.0340	0.9953	1.0473	1.0625	1.0829	0.9730	1.0126
32331 	0.9099	0.8639	0.9423	1.0134	1.1808	2.5488	0.9361	2.5488	1.0103	0.9925	1.1065	1.2927	1.1892	0.9601	0.9988
32332 	1.0125	0.9320	0.9767	1.0155	0.9867	1.0165	0.9767	1.0165	0.9986	0.9797	1.0711	0.9698	0.9906	0.9787	1.0463
32350 	1.0119	0.9323	1.0060	1.0308	0.9980	0.9791	0.9831	1.0070	1.0000	0.9781	1.0736	0.9672	0.9851	0.9721	1.0388
32351 	1.0058	0.9493	0.9553	1.0008	0.9830	0.9612	0.9592	0.9890	0.9840	0.9909	1.0613	0.9790	1.0008	0.9830	1.0593
32355 	0.9873	0.7160	1.0587	0.9720	1.0771	2.9161	0.9078	2.9161	0.9883	0.9424	0.9863	1.2382	1.2148	1.0169	0.9588
32389 	1.0127	0.9354	0.9701	1.0286	0.9751	0.9751	0.9850	0.9751	1.0088	0.9761	1.0593	0.9632	0.9909	0.9721	1.0345
32397 	1.0153	0.9330	0.9697	1.0272	0.9806	1.0044	0.9846	1.0044	1.0014	0.9786	1.0550	0.9618	0.9885	0.9707	1.0351
32399 	1.0176	0.9392	0.9521	1.0285	0.9680	1.0523	0.9819	1.0523	0.9908	0.9759	1.0592	0.9680	0.9898	0.9729	1.0334
32404 	1.0197	0.9383	0.9820	1.0207	0.9850	1.0048	0.9850	1.0048	0.9949	0.9750	1.0594	0.9661	0.9850	0.9760	1.0386
32407 	1.0161	0.9374	0.9922	1.0280	1.0021	1.0061	0.9852	1.0061	0.9972	0.9773	1.0618	0.9723	0.9852	0.9723	1.0360
32408 	1.0196	0.9392	0.9709	1.0216	0.9908	1.0057	0.9809	1.0057	0.9918	0.9779	1.0563	0.9699	0.9888	0.9749	1.0364
32409 	1.0244	0.9419	1.0105	1.0195	0.9856	1.0135	0.9797	1.0135	0.9926	0.9747	1.0602	0.9648	0.9866	0.9747	1.0404
32410 	1.0222	0.0035	0.9935	1.0210	1.0140	0.9783	0.9818	1.0069	0.9911	0.9783	1.0626	0.9736	0.9859	0.9747	1.0362
32411 	1.0299	0.9398	0.9568	1.0129	0.9788	1.3301	0.9718	1.3301	0.9808	0.9728	1.0519	0.9718	0.9939	0.9798	1.0389
32412 	1.0165	0.9378	1.0036	1.0324	1.0065	1.0205	0.9876	1.0205	0.9926	0.9757	1.0523	0.9687	0.9817	0.9727	1.0334
32413 	1.0216	0.9292	1.0037	1.0176	0.9888	1.0087	0.9818	1.0087	1.0007	0.9689	1.0374	0.9779	1.0186	0.9729	1.0186
32414 	1.0234	0.9330	1.0085	1.0214	0.9469	1.0244	0.9787	1.0244	1.0065	0.9718	1.0681	0.9837	0.9906	0.9827	1.0314
32427 	1.0176	0.9333	0.9660	1.0195	0.9710	1.0294	0.9839	1.0294	0.9898	0.9809	1.0403	0.9779	0.9938	0.9690	1.0354
32452 	0.9910	0.9239	0.9525	1.0107	0.9742	0.9801	0.9841	1.0097	0.9860	0.9791	1.0433	0.9594	0.9989	0.9811	1.0551
32456 	1.0679	0.9901	1.2350	1.0857	1.0395	1.7920	0.9838	1.7920	1.0857	0.9922	1.1162	1.0626	0.8314	0.9586	1.0805
32462 	1.0214	0.9382	0.9649	1.0194	0.9857	1.0035	0.9778	1.0035	0.9936	0.9788	1.0382	0.9639	0.9946	0.9788	1.0293
32466 	1.0025	0.8989	0.9250	1.0790	1.0190	1.0044	0.9860	1.0044	0.9608	0.9366	0.7875	0.9386	0.9928	0.9686	1.0345
32467 	0.9884	0.8915	0.8359	1.0267	1.0296	1.0123	0.9979	1.0123	0.9299	0.9500	0.7094	0.9529	0.9932	0.9855	1.0583
32469 	1.0223	0.9219	1.0661	0.9860	1.0661	5.7523	0.9774	5.7523	1.0031	0.9785	1.0180	0.9678	0.9892	0.9934	1.0533
32470 	1.0092	0.9189	0.9646	1.0241	0.9864	1.0787	0.9804	1.0787	0.9983	0.9765	1.0697	0.9527	0.9874	0.9725	1.0499
32473 	1.0192	0.9357	0.9615	1.0291	0.9923	1.0082	0.9854	1.0082	1.0053	0.9764	1.0470	0.9804	0.9864	0.9755	1.0281
32479 	1.0322	0.9333	0.9768	1.0134	0.9492	0.9946	0.9729	0.9946	0.9917	0.9778	1.0530	0.9739	0.9946	0.9660	1.0431
32488 	1.0372	0.9422	0.9808	1.0115	0.9679	0.9907	0.9738	0.9907	0.9837	0.9719	1.0431	0.9679	0.9986	0.9659	1.0411
32496 	1.0072	0.9233	1.0171	1.0230	0.9145	0.9973	0.9944	0.9973	1.0121	0.9786	0.9983	0.9815	0.9914	0.9746	1.0309
32497 	0.9872	0.8308	0.7303	0.9974	1.2208	1.4829	0.9720	1.4829	1.2940	1.0939	1.0258	0.9608	0.9608	0.9385	1.0502
32511 	1.0263	0.9215	0.9729	1.0174	0.9828	0.9986	0.9739	0.9986	0.9976	0.9719	1.0322	0.9600	0.9897	0.9749	1.0460
32516 	1.0162	0.9157	0.9630	1.0191	0.9551	0.9778	0.9827	1.0063	0.9955	0.9640	1.0438	0.9502	0.9906	0.9817	1.0458
32517 	1.0212	0.9251	1.0996	1.0203	0.9717	0.9261	0.9786	0.9538	0.9945	0.9806	1.0470	0.9578	0.9965	0.9677	1.0351
32528 	1.0187	0.9263	0.9899	1.0217	0.9959	0.9671	0.9790	0.9959	1.0028	0.9760	1.0973	0.9591	0.9899	0.9720	1.0426
32566 	1.0202	0.9298	0.9764	1.0112	1.0221	0.9675	0.9655	0.9953	1.0122	0.9774	1.0341	0.9665	0.9904	0.9794	1.0559
32568 	1.0129	0.9235	0.9712	1.0209	1.0119	0.9692	0.9722	0.9970	1.0070	0.9662	1.0437	0.9841	0.9901	0.9851	1.0526
32569 	1.0146	0.9311	0.9709	1.0226	1.0087	1.0226	0.9788	1.0226	0.9977	0.9768	1.0763	0.9699	0.9828	0.9778	1.0465
32570 	1.0202	0.9306	0.9485	1.0162	1.0142	0.9754	0.9744	1.0043	1.0182	0.9764	1.0530	1.0023	0.9883	0.9754	1.0491
32571 	1.0168	0.9277	0.9841	1.0188	0.9851	1.0050	0.9722	1.0050	0.9931	0.9742	1.0535	0.9683	0.9891	0.9782	1.0505
32574 	1.0201	1.0364	0.9528	0.9538	1.0436	0.9722	1.0201	1.0007	1.0201	1.0252	1.0038	1.0630	0.9773	1.0150	0.9885
32586 	1.0217	0.9423	1.0118	1.0227	0.9770	0.9909	0.9810	0.9909	0.9899	0.9760	1.0426	0.9820	1.0009	0.9611	1.0366
32643 	1.0147	0.9335	0.9929	1.0167	0.9741	1.0038	0.9790	1.0038	0.9810	0.9840	1.0544	0.9741	0.9929	0.9711	1.0415
32658 	1.0350	0.9467	0.9576	1.0092	0.9854	0.9616	0.9824	0.9904	0.9973	0.9725	1.0439	0.9824	0.9834	0.9814	1.0360
32664 	1.0369	0.9469	0.9321	1.0092	0.9627	1.0013	0.9815	1.0013	0.9775	0.9766	1.0586	0.9647	0.9845	0.9785	1.0329
32668 	1.0244	0.9341	0.9986	1.0125	0.9748	1.0115	0.9817	1.0115	0.9926	0.9807	1.0412	0.9659	0.9916	0.9708	1.0382
32669 	1.0282	0.9380	0.9648	1.0113	0.9786	0.9994	0.9796	0.9994	0.9875	0.9796	1.0490	0.9677	0.9925	0.9727	1.0361
32672 	1.0137	0.9197	0.9642	1.0296	0.9721	1.0088	0.9860	1.0088	0.9929	0.9771	1.0682	0.9682	0.9830	0.9711	1.0395
32673 	1.0110	0.9199	0.9645	1.0259	0.9784	1.0061	0.9873	1.0061	0.9952	0.9793	1.0675	0.9665	0.9853	0.9724	1.0388
32675 	1.0299	0.9386	1.0121	1.0091	0.9713	1.0160	0.9793	1.0160	0.9932	0.9783	1.0478	0.9713	0.9912	0.9773	1.0349
32677 	1.0059	0.9549	0.7326	1.0069	0.9657	1.3320	0.9657	1.3320	0.9089	1.0627	0.9785	0.9598	0.9393	0.9579	1.0617
32678 	1.0271	0.9411	0.9331	1.0133	0.9648	1.0301	0.9816	1.0301	0.9955	0.9678	1.0301	0.9747	0.9945	0.9816	1.0341
32681 	1.0307	0.9337	0.9842	1.0188	0.9664	0.9654	0.9773	0.9931	0.9822	0.9743	1.0584	0.9644	0.9842	0.9763	1.0386
32682 	1.0291	0.9298	1.0529	1.0152	0.9596	1.0172	0.9775	1.0172	0.9973	0.9735	1.0479	0.9536	0.9933	0.9775	1.0340
32683 	1.0321	0.9331	0.9984	1.0133	0.9638	1.0163	0.9796	1.0163	0.9905	0.9747	1.0440	0.9588	0.9885	0.9737	1.0381
32689 	1.0231	0.9289	0.9002	1.0152	0.9765	1.1678	0.9725	1.1678	0.9834	0.9745	1.0370	0.9715	0.9933	0.9775	1.0439
32690 	0.9668	0.8565	0.7422	0.9936	0.8962	2.4751	0.9797	2.4751	0.9718	1.1158	1.0085	0.9747	1.0006	0.9419	1.0016
32691 	1.0219	0.9328	0.8882	1.0160	0.9694	1.1130	0.9774	1.1130	0.9833	0.9784	1.0625	0.9714	0.9892	0.9754	1.0417
32692 	1.0171	0.9262	0.8925	1.0270	0.9706	1.0487	0.9835	1.0487	0.9914	0.9766	1.0576	0.9766	0.9845	0.9736	1.0378
32693 	1.0191	0.9252	0.8965	1.0250	0.9667	1.0517	0.9815	1.0517	0.9914	0.9756	1.0606	0.9746	0.9855	0.9746	1.0388
32694 	1.0187	0.9275	0.9454	1.0266	0.9731	1.0563	0.9810	1.0563	0.9870	0.9741	1.0593	0.9771	0.9840	0.9771	1.0385
32696 	1.0041	0.8821	0.6333	1.0198	0.9392	1.8587	0.9726	1.8587	0.9480	0.9942	0.9933	1.0149	0.9893	0.9421	1.0778
32697 	1.0256	0.9296	0.8970	1.0137	0.9583	1.1116	0.9771	1.1116	0.9860	0.9722	1.0503	0.9702	0.9939	0.9751	1.0424
32698 	1.0299	0.9291	0.8856	1.0141	0.9627	1.1140	0.9756	1.1140	0.9815	0.9726	1.0487	0.9716	0.9934	0.9746	1.0398
32699 	1.0079	0.9347	0.8823	1.0129	0.9664	1.1068	0.9743	1.1068	0.9832	0.9822	1.0514	0.9753	0.9960	0.9773	1.0495
32700 	0.9996	0.9337	0.8100	1.0125	0.9567	1.5692	0.9736	1.5692	0.9786	0.9846	1.0554	0.9736	0.9976	0.9836	1.0485
32701 	0.9996	0.9356	0.8127	1.0116	0.9706	1.6053	0.9786	1.6053	0.9716	0.9816	1.0625	0.9706	0.9976	0.9806	1.0505
32702 	1.0428	0.9019	1.0303	1.0073	1.0574	3.1461	0.9739	3.1461	1.0021	1.0313	1.0449	1.0334	0.9864	0.9405	1.0177
32705 	0.9884	0.9092	0.9359	1.0470	1.0347	2.5785	0.9750	2.5785	0.9771	0.9730	1.0748	1.0223	1.0460	0.9586	1.0120
32706 	0.9955	0.9331	0.9679	1.0149	0.9525	2.2577	0.9812	2.2577	0.9955	0.9781	1.0783	0.9812	1.0077	0.9761	1.0466
32707 	1.0236	0.9244	0.9464	1.0226	0.9565	1.5510	0.9745	1.5510	0.9815	0.9715	1.0527	0.9635	0.9946	0.9705	1.0427
32710 	1.0151	0.9234	0.9663	1.0211	0.9653	1.2223	0.9772	1.2223	0.9932	0.9742	1.0539	0.9683	0.9962	0.9732	1.0430
32712 	1.0086	0.9176	0.8474	1.0294	0.9681	1.2103	0.9760	1.2103	0.9879	0.9691	1.0442	0.9720	0.9987	0.9710	1.0472
32713 	1.0180	0.9293	0.8997	1.0200	0.9667	1.0220	0.9756	1.0220	0.9825	0.9727	1.0536	0.9727	0.9973	0.9697	1.0466
32716 	1.0265	0.9260	0.9457	1.0225	0.9555	1.0077	0.9762	1.0077	0.9811	0.9674	1.0255	0.9654	0.9802	0.9782	1.0491
32719 	1.0160	0.9305	0.9494	1.0190	0.9733	1.1214	0.9813	1.1214	0.9872	0.9803	1.0628	0.9773	0.9882	0.9753	1.0399
32720 	1.0061	0.9311	0.9607	1.0130	0.9449	1.0031	0.9696	1.0031	0.9775	0.9814	1.0603	0.9646	0.9913	0.9873	1.0514
32722 	1.0076	0.9375	0.9513	1.0056	0.9563	0.9997	0.9661	0.9997	0.9770	0.9819	1.0649	0.9701	0.9987	0.9938	1.0461
32724 	0.9890	0.9399	0.8719	1.0070	1.0340	1.2743	0.9780	1.2743	0.9970	1.0040	1.0561	0.9830	0.9990	0.9840	1.0390
32726 	1.0245	0.9357	0.9377	1.0038	0.9633	0.9594	0.9712	0.9880	0.9900	0.9762	1.0384	0.9791	0.9929	0.9880	1.0433
32727 	1.0058	0.9122	0.9143	1.0129	0.9895	2.0726	0.9865	2.0726	0.9946	0.9763	1.0414	1.0129	1.0038	0.9804	1.0343
32730 	1.0206	0.9355	0.9275	1.0296	0.9726	1.3838	0.9826	1.3838	0.9896	0.9736	1.0496	0.9716	0.9956	0.9656	1.0326
32732 	1.0275	0.9366	0.9445	1.0058	0.9505	0.9564	0.9732	0.9841	0.9999	0.9732	1.0483	0.9821	0.9880	0.9850	1.0473
32733 	1.0263	0.9327	0.9596	1.0134	0.9596	1.2426	0.9765	1.2426	0.9815	0.9755	1.0582	0.9675	0.9935	0.9765	1.0383
32734 	1.0164	0.9285	0.9415	1.0204	0.9804	1.2963	0.9794	1.2963	0.9844	0.9774	1.0644	0.9784	0.9934	0.9734	1.0394
32735 	1.0064	0.9464	0.9143	0.9443	1.1801	1.9941	0.9608	1.9941	0.9422	1.0808	1.1811	1.0395	1.0126	0.9515	1.0436
32739 	1.0045	0.9164	1.0471	1.0144	0.9511	0.9996	0.9719	0.9996	0.9867	0.9669	1.0540	0.9620	0.9719	1.0342	1.0362
32740 	1.0392	0.9187	0.9730	1.0155	0.9602	1.0017	0.9740	1.0017	0.9928	0.9671	1.0600	0.9582	0.9819	0.9760	1.0461
32741 	1.0153	0.9229	0.9716	1.0303	0.9676	1.1446	0.9825	1.1446	0.9945	0.9736	1.0621	0.9626	0.9795	0.9776	1.0412
32743 	1.0255	0.9274	0.9373	1.0156	0.9710	1.0502	0.9779	1.0502	0.9908	0.9779	1.0592	0.9769	0.9868	0.9730	1.0433
32745 	1.0187	0.9265	0.9315	1.0227	0.9790	1.0345	0.9810	1.0345	0.9949	0.9761	1.0554	0.9820	0.9890	0.9731	1.0395
32746 	1.0249	0.9392	0.9641	1.0120	0.9751	1.1614	0.9791	1.1614	0.9811	0.9771	1.0468	0.9791	0.9950	0.9731	1.0388
32747 	1.0250	0.9345	0.9514	1.0091	0.9812	1.1425	0.9782	1.1425	0.9852	0.9773	1.0519	0.9753	0.9942	0.9723	1.0439
32748 	1.0229	0.9290	0.9300	1.0169	0.9833	1.0248	0.9715	1.0248	0.9804	0.9784	1.0436	0.9735	0.9962	0.9675	1.0466
32749 	1.0135	0.9258	0.9012	1.0263	0.9633	1.0017	0.9702	1.0017	0.9909	0.9840	1.0431	0.9820	1.0174	0.9554	1.0332
32750 	1.0187	0.9335	0.9207	1.0117	0.9850	1.0335	0.9731	1.0335	0.9900	0.9810	1.0464	0.9761	0.9969	0.9711	1.0474
32751 	0.9932	0.9364	0.9354	1.0280	0.9643	1.1884	0.9832	1.1884	0.9892	0.9832	1.0709	0.9822	0.9972	0.9762	1.0390
32752 	0.9913	0.9391	0.9592	1.0234	0.9772	1.3364	0.9842	1.3364	0.9913	0.9842	1.0735	0.9822	0.9993	0.9782	1.0394
32755 	1.0140	0.9119	0.8348	1.0180	0.9630	1.6226	0.9710	1.6226	1.0130	0.9820	1.0300	0.9970	1.0020	0.9810	1.0320
32758 	1.0205	0.9329	0.9548	1.0225	0.9807	1.1838	0.9826	1.1838	0.9817	0.9757	1.0513	0.9657	0.9846	0.9737	1.0404
32761 	1.0366	0.8812	0.9518	0.9872	0.9569	1.8936	0.9417	1.8936	1.0013	1.0609	1.0689	1.0104	0.9922	0.9528	1.0286
32762 	1.0296	0.9365	0.9715	1.0196	1.0066	1.2940	0.9705	1.2940	0.9785	0.9805	1.0346	0.9775	0.9735	0.9805	1.0456
32763 	1.0165	0.9397	0.9407	1.0145	0.9946	1.1732	0.9756	1.1732	0.9776	0.9806	1.0654	0.9826	0.9906	0.9756	1.0465
32770 	1.0177	0.9264	0.9254	1.0247	0.9740	1.1379	0.9800	1.1379	0.9879	0.9770	1.0574	0.9750	0.9860	0.9721	1.0426
32772 	0.9551	0.8501	0.8269	1.0036	0.8996	2.2606	0.9430	2.2606	1.1823	1.1026	0.9652	1.0420	1.0157	0.9491	1.0309
32773 	1.0190	0.8900	0.8931	1.0108	1.0241	2.7406	0.9699	2.7406	1.0139	0.9658	1.0170	0.9637	0.9965	0.9893	1.0487
32774 	1.0330	0.8923	0.8792	1.0238	0.9824	2.1418	0.9844	2.1418	0.9925	0.9621	1.0198	0.9996	0.9996	0.9672	1.0299
32775 	0.9577	0.6318	1.2298	0.7488	1.1739	3.4151	0.9935	3.4151	1.0579	1.0747	1.4154	1.2888	1.1960	0.8691	1.1602
32777 	1.0168	0.9306	0.9534	1.0168	0.9871	1.0020	0.9762	1.0020	0.9881	0.9782	1.0634	0.9782	0.9881	0.9782	1.0456
32779 	1.0224	0.9351	0.9579	1.0154	0.9887	1.0016	0.9738	1.0016	0.9867	0.9768	1.0660	0.9738	0.9916	0.9768	1.0432
32780 	1.0215	0.9343	0.9581	1.0136	0.9878	1.0007	0.9749	1.0007	0.9888	0.9789	1.0681	0.9749	0.9908	0.9789	1.0414
32825 	1.0261	0.9433	0.9513	1.0151	1.0151	0.9722	0.9742	1.0001	1.0061	0.9782	1.0560	1.0191	0.9912	0.9802	1.0350
32826 	1.0239	0.9432	0.9521	1.0169	1.0189	0.9731	0.9761	1.0020	1.0050	0.9781	1.0479	1.0209	0.9910	0.9801	1.0339
32827 	1.0279	0.9472	0.9552	1.0139	1.0159	0.9711	0.9731	0.9990	0.9990	0.9771	1.0388	1.0169	0.9950	0.9801	1.0329
32829 	1.0192	0.9335	1.0023	1.0302	1.0172	0.9853	0.9853	1.0142	0.9744	0.9804	1.0660	1.0023	0.9853	0.9714	1.0282
32860 	1.0173	0.9329	0.9935	1.0252	0.9716	0.9994	0.9826	0.9994	0.9965	0.9786	1.0610	0.9786	0.9895	0.9726	1.0342
32862 	1.0241	0.9289	1.0201	1.0340	1.0013	1.0033	0.9686	1.0033	1.0013	0.9745	0.9884	0.9765	0.9993	0.9735	1.0261
32863 	1.0268	0.9414	0.9881	1.0179	0.9801	1.0030	0.9652	1.0030	0.9990	0.9752	1.0457	0.9841	1.0050	0.9801	1.0298
32865 	1.0347	0.9385	0.9871	1.0159	0.9802	1.0030	0.9633	1.0030	0.9960	0.9772	1.0407	0.9831	1.0050	0.9752	1.0288
32866 	1.0330	0.9447	0.9755	1.0102	0.9864	1.0033	0.9675	1.0033	0.9874	0.9794	1.0539	0.9735	0.9983	0.9755	1.0360
32929 	1.0074	0.9329	0.9905	1.0282	1.0014	0.9895	0.9806	0.9895	0.9984	0.9836	1.0332	0.9736	0.9915	0.9766	1.0322
32939 	1.0189	0.9325	0.9881	1.0179	0.9940	0.9891	0.9782	0.9891	0.9940	0.9801	1.0616	0.9752	0.9891	0.9662	1.0497
32943 	1.0092	0.9143	0.9479	1.0428	1.0289	0.9756	0.9963	1.0032	1.0151	0.8846	0.9548	0.9756	1.0023	1.0042	1.0606
32944 	1.0088	0.9267	0.9870	1.0186	0.9692	0.9643	0.9761	0.9920	0.9850	0.9742	1.0344	0.9712	0.9900	0.9841	1.0483
32956 	1.0321	0.9442	0.9991	1.0171	0.9872	0.9952	0.9862	1.0251	1.0181	0.9822	1.0500	1.0051	0.9942	0.9652	1.0231
32958 	0.9979	0.8952	0.9663	1.0127	1.0087	1.0137	0.9811	1.0137	1.0028	0.9841	0.9831	0.9959	1.0413	0.9772	1.0058
32959 	1.0121	0.9296	0.9991	1.0299	0.9823	1.0111	0.9862	1.0111	1.0001	0.9833	1.0587	0.9713	0.9962	0.9634	1.0289
32960 	1.0183	0.9349	0.9955	1.0282	0.9835	1.0123	0.9835	1.0123	0.9945	0.9786	1.0580	0.9736	0.9945	0.9637	1.0332
32961 	1.0238	0.9405	0.9673	1.0268	0.9812	0.9683	0.9831	0.9960	0.9841	0.9782	1.0724	0.9831	0.9881	0.9663	1.0337
32962 	1.0277	0.9423	0.9870	1.0197	0.9810	1.0048	0.9820	1.0048	0.9959	0.9780	1.0594	0.9621	0.9919	0.9661	1.0346
32963 	1.0304	0.9455	0.9854	1.0004	1.0294	0.9844	0.9744	1.0134	1.0184	0.9764	1.0194	1.0294	1.0254	0.9754	1.0174
32971 	1.0114	0.9257	1.2954	1.0295	1.0073	1.0728	0.9872	1.0728	0.9912	0.9771	1.0446	0.9842	1.0003	0.9650	1.0295
32974 	1.0116	0.9293	0.9948	1.0245	0.9799	0.9967	0.9749	0.9967	0.9987	0.9739	1.0503	0.9769	0.9997	0.9739	1.0414
32976 	1.0188	0.9329	0.9609	1.0208	1.0148	0.9789	0.9759	1.0078	1.0278	0.9769	1.0648	1.0168	0.9819	0.9799	1.0458
32977 	1.0070	0.9135	0.9627	1.0336	1.0179	1.0041	0.9805	1.0041	0.9657	0.9667	0.9588	0.9726	0.9982	0.9657	1.0484
32978 	1.0101	0.9215	1.0350	1.0181	0.9972	1.0071	0.9832	1.0071	0.9932	0.9753	1.0638	0.9773	0.9902	0.9753	1.0479
32979 	1.0096	0.9156	0.9967	1.0225	0.9779	1.0047	0.9829	1.0047	0.9928	0.9710	1.0452	0.9680	0.9888	0.9750	1.0502
32980 	1.0131	0.9227	1.0041	1.0150	1.0001	1.0071	0.9763	1.0071	1.0001	0.9723	1.0359	0.9773	0.9922	0.9783	1.0528
32999 	1.0233	0.9359	0.9865	1.0183	0.9915	0.9627	0.9707	0.9915	0.9885	0.9736	1.0679	0.9786	1.0004	0.9766	1.0371
33000 	1.0130	0.9328	1.0269	1.0398	0.9942	1.0021	0.9665	1.0021	0.9784	0.9625	1.0001	0.9714	0.9912	0.9912	1.0358
33001 	1.0268	0.9423	1.0239	1.0179	0.9881	1.0099	0.9751	1.0099	0.9781	0.9781	1.0596	0.9672	0.9940	0.9722	1.0358
33013 	1.0310	0.9388	0.9814	1.0142	0.9805	0.9993	0.9735	0.9993	0.9904	0.9805	1.0518	0.9686	0.9933	0.9686	1.0389
33023 	1.0310	0.9388	0.9814	1.0142	0.9805	0.9993	0.9735	0.9993	0.9904	0.9805	1.0518	0.9686	0.9933	0.9686	1.0389
33024 	1.0285	0.9382	0.9868	1.0186	0.9838	1.0007	0.9759	1.0007	0.9858	0.9779	1.0503	0.9710	0.9888	0.9710	1.0394
33026 	1.0204	0.9361	0.9599	1.0184	0.9956	0.9996	0.9748	0.9996	0.9887	0.9797	1.0561	0.9708	0.9916	0.9748	1.0402
33027 	1.0245	0.9372	0.9809	1.0156	0.9868	1.0017	0.9749	1.0017	0.9838	0.9799	1.0533	0.9729	0.9918	0.9749	1.0384
33117 	1.0239	0.9397	0.9784	1.0110	0.9902	0.9615	0.9704	0.9892	0.9942	0.9685	1.0239	0.9645	0.9873	1.0081	1.0308
33118 	1.0175	0.9354	0.9809	1.0136	0.9918	0.9631	0.9720	0.9908	0.9888	0.9661	1.0255	0.9641	0.9829	1.0175	1.0304
33120 	1.0102	0.9360	0.9854	1.0181	0.9706	0.9894	0.9726	0.9894	0.9835	0.9706	1.0438	0.9676	0.9874	1.0003	1.0408
33122 	1.0090	0.9240	1.0001	1.0397	0.9319	0.9972	0.9814	0.9972	1.0080	0.9804	1.0525	0.9675	0.9883	0.9458	1.0555
33129 	1.0118	0.9334	0.9522	1.0187	0.9929	0.9751	0.9691	1.0028	0.9949	0.9651	1.0564	0.9840	0.9790	1.0256	1.0306
33134 	1.0231	0.9409	0.9844	1.0260	0.9834	0.9716	0.9795	0.9993	0.9894	0.9726	1.0310	0.9626	0.9884	0.9755	1.0349
33136 	1.0045	0.9125	0.9412	1.0738	0.9748	1.0471	1.0035	1.0471	1.0402	1.0025	1.0154	0.9986	1.0332	0.8363	1.0461
33137 	1.0258	0.8943	0.9040	1.0374	0.9997	1.0133	0.9707	1.0133	0.8943	0.9978	0.8624	0.9833	1.0326	0.9504	0.9852
33138 	1.0149	0.9255	0.9881	1.0079	1.0149	0.9980	0.9712	0.9980	0.9960	0.9782	1.0576	0.9593	0.9930	0.9801	1.0546
33139 	1.0166	0.9160	0.9219	1.0430	1.0088	1.0166	0.9668	1.0166	0.9658	0.9805	0.8789	0.9688	1.0273	0.9268	1.0391
33145 	1.0122	0.9228	0.9814	1.0192	1.0122	0.9695	0.9764	0.9983	1.0053	0.9764	1.0738	0.9576	0.9904	0.9725	1.0529
33160 	1.0201	1.0364	0.9528	0.9538	1.0436	0.9722	1.0201	1.0007	1.0201	1.0252	1.0038	1.0630	0.9773	1.0150	0.9885
33168 	0.9825	0.9206	0.8067	1.0008	0.9931	1.1003	0.9612	1.1003	0.8588	0.9757	0.8946	0.9738	1.0366	0.9786	1.0646
33169 	0.9976	0.9056	0.9610	1.0075	0.9749	1.0292	0.9768	1.0292	1.0134	0.9838	1.0282	0.9729	1.0035	0.9897	1.0411
33170 	0.9942	0.9026	0.9893	1.0120	0.9548	1.0228	0.9854	1.0228	1.0001	0.9794	1.0061	0.9666	1.0110	0.9903	1.0277
33175 	1.0221	0.9318	1.0013	1.0142	0.9923	1.0003	0.9775	1.0003	0.9953	0.9785	1.0459	0.9596	0.9874	0.9755	1.0449
33178 	1.0159	0.9363	1.0229	1.0239	0.9950	1.0070	0.9851	1.0070	1.0030	0.9771	1.0448	0.9642	0.9861	0.9711	1.0408
33179 	1.0142	0.9298	0.9923	1.0202	0.9953	1.0003	0.9824	1.0003	1.0043	0.9784	1.0539	0.9655	0.9904	0.9705	1.0440
33186 	0.9933	0.9069	0.9638	1.0237	0.9452	0.9697	0.9717	0.9972	0.9835	0.9687	1.0208	0.9609	0.9952	0.9864	1.0610
33262 	1.0127	0.8977	0.8880	1.0407	0.8388	0.9963	0.9924	0.9963	0.9798	0.9721	0.9769	0.9402	0.9731	0.9760	1.0330
33280 	1.0161	0.9358	0.9676	1.0399	1.0072	0.9656	0.9993	0.9933	0.9874	0.9765	1.0092	0.9924	0.9844	0.9567	1.0270
33282 	1.0314	0.9513	0.9809	1.0294	0.9671	0.9651	0.9809	0.9938	0.9701	0.9681	1.0343	0.9641	0.9839	0.9671	1.0393
33297 	1.0080	0.9302	0.9115	1.0080	0.9647	0.9755	0.9696	1.0051	0.9883	0.9824	1.0435	0.9647	0.9932	0.9765	1.0622
33302 	1.0248	0.9446	0.9871	1.0079	0.9693	0.9535	0.9733	0.9812	0.9921	0.9713	1.0455	0.9644	0.9950	0.9762	1.0515
33313 	1.0142	0.9408	1.0092	1.0092	0.9696	0.9636	0.9636	0.9914	0.9904	0.9844	1.0806	0.9487	0.9904	0.9864	1.0518
33340 	1.0307	0.9435	0.9980	1.0149	0.9693	0.9960	0.9732	0.9960	0.9871	0.9782	1.0545	0.9604	0.9911	0.9742	1.0377
33345 	1.0028	0.9256	1.0088	1.0216	0.9682	0.9919	0.9731	0.9919	0.9900	0.9652	1.0494	0.9613	0.9692	1.0454	1.0226
33346 	1.0218	0.9424	0.9831	1.0288	1.0060	1.0010	0.9811	1.0010	0.9950	0.9722	1.0338	0.9613	0.9911	0.9702	1.0348
33350 	1.0264	0.9506	0.9516	1.0184	1.0034	0.9765	0.9805	1.0044	1.0194	0.9775	1.0393	1.0174	0.9885	0.9785	1.0304
33356 	1.0474	0.9441	0.9689	0.9948	1.0126	1.0235	0.9769	1.0235	0.9759	0.9749	1.0196	0.9888	1.0235	0.9620	1.0206
33366 	1.0020	1.0150	0.8938	1.0020	1.0030	1.0020	1.0030	1.0020	1.0220	0.9890	1.0411	0.9860	0.9990	0.9248	1.0802
33382 	1.0310	0.9458	0.9378	1.0102	1.0310	1.0023	0.9765	1.0023	0.9953	0.9705	0.9864	0.9824	1.0191	0.9517	1.0409
33391 	1.0295	0.9317	0.9613	1.0157	0.9692	0.9564	0.9742	0.9841	0.9841	0.9702	1.0404	0.9821	0.9949	0.9702	1.0453
33414 	1.0242	0.9429	0.9955	1.0143	0.9836	0.9608	0.9677	0.9875	0.9737	0.9766	1.0807	0.9657	0.9895	0.9806	1.0470
33421 	1.0260	0.9319	0.9924	1.0221	0.9924	0.9577	0.9785	0.9864	1.0132	0.9735	1.0082	0.9617	0.9924	0.9844	1.0231
33432 	1.0008	0.9214	0.9204	0.9851	0.9675	0.9449	0.9439	0.9724	0.9793	0.9459	1.0165	0.9665	0.9665	0.9547	1.2030
33449 	1.0221	0.9399	0.9825	1.0181	0.9716	0.9765	0.9815	1.0042	1.0013	0.9696	1.0181	0.9755	0.9993	0.9726	1.0369
33453 	1.0337	0.9431	0.9720	1.0188	1.0108	0.9770	0.9680	1.0058	1.0048	0.9760	1.0317	0.9909	0.9889	0.9790	1.0357
33485 	0.9968	0.9298	0.8963	1.0125	0.9662	0.9761	0.9603	1.0046	0.9918	0.9879	1.0381	0.9771	0.9958	0.9938	1.0529
33504 	1.0249	0.9486	0.9367	1.0180	0.9843	0.9833	0.9704	1.0120	0.9942	0.9773	1.0487	0.9793	0.9942	0.9863	1.0289
33514 	0.9857	0.9334	0.9798	1.0144	0.9551	0.9581	0.9759	0.9857	0.9986	0.9798	1.0351	0.9660	0.9937	0.9867	1.0638
33541 	1.0050	0.9455	0.9534	1.0149	0.9871	0.9613	0.9772	0.9891	0.9970	0.9812	1.0337	0.9812	0.9941	0.9851	1.0426
33554 	1.0221	0.9408	1.0042	1.0152	0.9725	0.9616	0.9745	0.9894	0.9924	0.9785	1.0518	0.9626	0.9874	0.9735	1.0489
33571 	1.0193	0.9370	0.9865	1.0282	0.9846	0.9766	1.0004	1.0044	1.0014	0.9756	1.0371	0.9538	0.9885	0.9637	1.0242
33572 	1.0247	0.9308	0.9407	1.0227	0.9901	0.9792	0.9842	1.0089	0.9960	0.9674	1.0049	0.9852	1.0227	0.9654	1.0128
33583 	1.0268	0.9423	1.0040	1.0169	0.9851	1.0229	0.9632	1.0517	0.9861	0.9771	1.0437	0.9732	0.9911	0.9801	1.0447
33585 	1.0035	0.9288	0.9839	1.0133	0.9445	0.9622	0.9612	0.9898	0.9553	0.9947	1.0438	0.9553	0.9917	0.9829	1.0527
33589 	1.0192	0.9321	0.9856	1.0202	0.9678	0.9618	0.9707	0.9895	0.9925	0.9648	1.0618	0.9648	0.9994	0.9737	1.0519
33590 	1.0006	0.9351	1.0035	1.0382	0.9778	0.9758	0.9837	1.0045	1.0234	0.9946	1.0144	0.9619	0.9867	0.9579	1.0382
33593 	1.0215	0.9290	0.9200	1.0423	1.0165	0.9827	0.9906	1.0105	1.0413	0.9558	1.0423	0.9886	1.0115	0.9727	1.0055
33595 	1.0262	0.6758	0.9830	1.0089	0.9590	0.9830	0.9753	1.0108	1.0003	0.9715	1.0339	0.9811	1.0051	0.9705	1.0425
33597 	1.0223	0.9236	0.9374	1.0272	1.0213	0.9571	0.9858	0.9848	1.0144	0.9502	0.9394	0.9808	1.0045	0.9897	1.0203
33598 	1.0242	0.9310	0.8898	1.0193	1.0017	0.9821	0.9762	1.0105	0.9732	0.9359	0.9340	0.9889	1.0341	1.0017	1.0085
33600 	1.0266	0.9395	0.9672	1.0147	0.9741	0.9593	0.9741	0.9870	0.9929	0.9771	1.0355	0.9672	0.9969	0.9712	1.0394
33620 	1.0261	0.9427	0.9814	1.0241	0.9943	0.9656	0.9745	0.9943	0.9914	0.9755	1.0459	0.9735	0.9894	0.9745	1.0360
33621 	1.0251	0.9408	0.9785	1.0211	0.9824	0.9636	0.9725	0.9914	0.9933	0.9745	1.0528	0.9676	0.9914	0.9745	1.0409
33673 	1.0278	0.9408	0.9596	1.0209	0.9734	0.9576	0.9764	0.9853	0.9912	0.9724	1.0437	0.9695	0.9883	0.9724	1.0417
33674 	1.0116	0.9987	0.8850	1.0076	0.9691	0.9196	0.9977	0.9463	0.9720	0.9987	1.0452	0.9770	0.9997	0.9681	1.0165
33684 	1.0007	0.9690	0.8788	0.9908	0.9749	0.9967	0.9294	1.0265	1.0116	0.9809	1.0086	1.0225	1.0255	1.0027	1.0701
33685 	1.0608	0.9285	0.9710	1.0025	0.9493	1.0272	0.9552	1.0578	0.9739	0.9680	1.0390	0.9562	0.9858	0.9729	1.0548
33687 	1.0190	0.9387	0.9566	1.0289	1.0011	0.9625	0.9873	0.9902	0.9813	0.9724	1.0150	0.9883	0.9803	0.9714	1.0407
33688 	1.0172	0.9333	0.9718	1.0409	0.9827	0.9629	0.9906	0.9915	0.9669	0.9679	1.0113	0.9708	0.9797	0.9580	1.0458
33697 	0.9999	0.9265	0.9919	1.0177	0.9751	0.9999	0.9880	0.9999	0.9999	0.9790	1.0623	0.9691	0.9840	0.9770	1.0544
33698 	1.0088	0.9393	0.9552	0.9939	0.9870	0.9800	1.0028	1.0088	1.0167	0.9750	1.0088	0.9879	0.9889	0.9760	1.0545
33705 	1.0334	0.9362	0.9809	1.0295	0.9957	0.9541	1.0037	0.9829	1.0057	0.9898	1.0305	0.9749	1.0007	0.9719	0.9710
33711 	1.0299	0.9493	0.9632	1.0109	0.9930	0.9672	0.9910	0.9960	1.0070	0.9781	1.0448	0.9950	0.9940	0.9791	1.0169
33719 	1.0023	0.9281	0.9321	1.0210	0.9667	0.9756	0.9864	1.0032	1.0003	0.9953	1.0576	0.9785	1.0082	0.9855	1.0013
33721 	0.9883	0.9435	1.0282	1.0312	0.9774	0.9674	0.9833	0.9963	1.0033	0.9993	1.0830	0.9923	1.0112	1.0013	0.9853
33722 	1.0014	0.9379	0.9697	1.0193	0.9806	0.9687	0.9786	0.9974	1.0004	0.9945	1.0788	0.9746	0.9984	0.9855	1.0223
33797 	0.9585	0.9596	1.0523	0.9712	1.0025	44.3580	1.0465	44.3476	1.0627	0.9863	0.9654	0.9620	0.9932	1.0268	1.0175
33804 	0.9805	0.9658	0.9805	0.9635	0.9589	45.1449	0.9703	45.1347	0.8896	0.9839	0.9408	1.0067	0.9851	1.0362	1.0805
33805 	0.9768	0.9666	0.9791	0.9711	0.9598	45.3859	0.9688	45.3756	0.8882	0.9836	0.9450	0.9961	0.9859	1.0381	1.0756
33806 	0.9818	0.9682	0.9830	0.9773	0.9670	45.6477	0.9614	45.6375	0.8807	0.9864	0.9455	1.0034	0.9920	1.0352	1.0659
33809 	0.9802	0.9654	0.9972	0.9734	0.9507	45.9560	0.9677	45.9458	0.8814	0.9813	0.9473	0.9972	0.9882	1.0461	1.0631
33812 	0.9840	0.9669	1.0068	0.9795	0.9612	46.2919	0.9612	46.2816	0.8974	0.9829	0.9601	1.0046	0.9863	1.0376	1.0684
33813 	0.9883	0.1315	0.9940	0.9808	0.9639	46.5010	0.9686	46.4907	0.8878	0.9836	0.9545	0.9987	0.9921	1.0484	1.0381
33818 	0.9709	0.9626	1.0286	0.9779	0.9603	107.8832	0.9815	107.8596	0.8908	0.9886	0.9626	1.0015	0.9921	1.0321	1.0569
33819 	0.9729	0.9729	1.0130	0.9823	0.9682	108.1437	0.9611	108.1201	0.8822	0.9882	0.9658	1.0012	0.9882	1.0448	1.0624
33820 	0.9794	0.9735	1.0054	0.9995	0.9676	108.7077	0.9629	108.6829	0.8945	0.9877	0.9676	1.0148	0.9877	1.0384	1.0443
33821 	0.9763	0.9704	1.0022	0.9998	0.9622	108.7347	0.9528	108.7100	0.8799	0.9845	0.9634	1.0034	0.9857	1.0434	1.0575
33822 	0.9773	0.9738	1.0020	0.9938	0.9702	109.1706	0.9537	109.1458	0.8760	0.9855	0.9667	1.0020	0.9879	1.0444	1.0574
33825 	0.9774	0.9798	0.9869	0.9939	0.9515	109.7551	0.9562	109.7303	0.8984	0.9892	0.9833	0.9987	0.9880	1.0458	1.0494
33826 	0.9749	0.9738	0.9855	0.9961	0.9490	109.7452	0.9585	109.7204	0.9114	0.9867	0.9702	0.9844	0.9914	1.0421	1.0503
33827 	0.9712	0.9735	0.9901	0.9912	0.9594	110.8860	0.9617	110.8613	0.9075	0.9877	0.9570	1.0137	0.9901	1.0491	1.0491
33829 	0.9711	0.9628	0.9911	0.9852	0.9687	110.6205	0.9711	110.5958	0.8852	0.9770	0.9570	1.0005	0.9793	1.0311	1.0853
33832 	0.9861	0.9758	1.0377	0.9941	1.0010	45.6668	0.9540	45.6565	0.8989	0.9849	0.9723	1.0170	0.9941	1.0411	1.0457
33834 	0.9902	0.9752	1.0418	0.9970	1.0131	48.6237	0.9592	48.6122	0.8571	0.9856	0.9500	1.0498	0.9902	1.0315	1.0464
33836 	0.9931	0.9816	1.0402	0.9943	1.0172	49.0540	0.9633	49.0425	0.8393	0.9805	0.9667	1.0528	0.9920	1.0310	1.0459
33837 	0.9841	0.9807	1.0311	0.9899	0.9956	49.1352	0.9555	49.1237	0.8604	0.9864	0.9715	1.0151	0.9910	1.0380	1.0552
33838 	0.9840	0.9782	1.0263	0.9897	0.9851	49.3322	0.9565	49.3207	0.8706	0.9874	0.9714	1.0126	0.9920	1.0389	1.0515
33840 	0.9807	0.9739	1.0162	0.9887	0.9830	49.6515	0.9499	49.6401	0.8676	0.9842	0.9487	1.0162	0.9876	1.0379	1.0710
33841 	0.9838	0.9770	1.0090	0.9918	0.9815	50.0719	0.9506	50.0605	0.8729	0.9850	0.9518	1.0170	0.9918	1.0376	1.0593
33843 	0.9810	0.9776	1.0039	0.9925	0.9787	50.1768	0.9547	50.1653	0.8860	0.9879	0.9581	1.0051	0.9902	1.0371	1.0566
33856 	0.9713	0.9702	1.0090	0.9976	0.9656	50.2064	0.9690	50.1950	0.8777	0.9827	0.9416	1.0033	0.9953	1.0375	1.0466
33857 	0.9734	0.9689	1.0168	0.9974	0.9643	50.3249	0.9723	50.3135	0.8764	0.9814	0.9346	1.0031	0.9928	1.0351	1.0476
33858 	0.9695	0.9683	1.0152	0.9946	0.9603	50.3684	0.9740	50.3570	0.8871	0.9820	0.9557	1.0026	0.9843	1.0266	1.0689
33859 	0.9762	0.9659	1.0176	1.0061	1.0072	51.4911	0.9888	51.4796	0.8705	0.9774	0.9486	1.0394	0.9865	1.0256	1.0394
33861 	0.9808	0.9716	1.0187	1.0026	0.9911	51.5623	0.9842	51.5508	0.8843	0.9831	0.9590	1.0221	0.9888	1.0233	1.0371
33862 	0.9803	0.9723	1.0170	0.9987	0.9689	51.4962	0.9803	51.4847	0.8921	0.9826	0.9643	1.0010	0.9884	1.0296	1.0400
33863 	0.9769	0.9723	1.0159	0.9941	0.9654	51.4595	0.9769	51.4480	0.9024	0.9838	0.9620	0.9918	0.9872	1.0319	1.0491
33864 	0.9410	0.9252	0.9932	0.9694	0.9649	50.9172	1.0045	50.9059	0.8685	0.9467	0.9025	1.0091	0.9546	1.1803	1.0034
33865 	0.9739	0.9648	1.0049	0.9980	0.9889	52.4495	1.0003	52.4381	0.8741	0.9843	0.9269	1.0462	0.9831	1.0302	1.0302
33870 	0.9794	0.2026	1.0001	0.9992	1.0011	53.1122	0.9794	53.1004	0.8549	0.9843	0.9280	1.0871	0.9824	1.0278	1.0476
33871 	0.9825	0.8782	0.9935	0.9855	1.1057	0.9925	0.9885	1.0213	1.0272	0.9945	0.9766	0.9597	1.0024	0.9965	1.0501
33873 	1.0027	0.9553	1.0108	1.0189	1.1118	1.0159	0.9906	1.0452	1.0320	1.0118	1.1168	0.9512	1.0058	0.9553	1.0149
33876 	0.9908	0.9849	0.9898	0.9908	0.9958	0.9958	0.9494	1.0244	0.8852	0.9810	0.9770	0.9987	0.9938	1.0412	1.0530
33877 	0.9827	0.9778	0.9866	0.9945	0.9679	1.0024	0.9571	1.0319	0.8901	0.9866	0.9817	0.9925	0.9916	1.0408	1.0467
33878 	0.9814	0.9765	0.9952	0.9962	0.9696	1.0041	0.9538	1.0336	0.8868	0.9854	0.9804	1.0011	0.9893	1.0415	1.0524
33879 	0.9851	0.9752	0.9890	1.0077	0.9782	1.0097	0.9555	1.0402	0.8807	0.9861	0.9674	1.0137	0.9930	1.0373	1.0353
33880 	0.9822	0.9743	1.0563	1.0030	0.9970	1.0227	0.9467	1.0533	0.8628	0.9812	0.9477	1.0188	0.9901	1.0395	1.0573
33881 	0.9728	0.9630	1.0258	1.0072	0.9365	1.0287	0.9875	1.0592	0.8619	0.9816	0.9561	1.0052	0.9787	1.0327	1.0395
33882 	0.9758	0.9610	1.0290	1.0132	0.9906	1.0557	0.9541	1.0872	0.8791	0.9807	0.9402	1.0162	0.9866	1.0369	1.0527
33883 	0.9769	0.9640	1.0420	1.0095	0.9946	1.0658	0.9571	1.0974	0.8722	0.9838	0.9482	1.0114	0.9867	1.0351	1.0509
33884 	0.9784	0.9774	1.0426	1.0071	0.9814	1.0772	0.9537	1.1089	0.8647	0.9873	0.9665	1.0080	0.9912	1.0496	1.0328
33885 	0.9840	0.9821	1.0137	1.0048	0.9830	1.0790	0.9524	1.1106	0.8762	0.9900	0.9771	1.0008	0.9890	1.0463	1.0335
33886 	0.9912	0.9853	1.0071	1.0041	0.9764	1.0812	0.9478	1.1128	0.8746	0.9863	0.9774	1.0011	0.9912	1.0486	1.0308
33887 	0.9853	0.9814	1.0041	1.0041	0.9744	1.0841	0.9507	1.1158	0.8776	0.9893	0.9774	1.0011	0.9873	1.0505	1.0328
33889 	0.9590	0.9649	0.9708	1.0050	0.9257	1.0423	0.9845	1.0726	0.8679	0.9962	0.9992	0.9757	0.9796	1.0442	1.0315
33890 	0.9782	0.9634	1.0099	1.0059	0.9604	1.1000	0.9703	1.1317	0.9089	0.9822	0.9743	1.0158	0.9861	1.0129	1.0644
33891 	0.9847	0.9768	1.0122	1.0014	0.9768	0.9926	0.9503	0.9926	0.8834	0.9788	0.9463	1.0093	0.9935	1.0349	1.0565
33892 	0.9829	0.9760	1.0114	1.0025	0.9701	0.9927	0.9455	0.9927	0.8807	0.9819	0.9583	0.9996	0.9927	1.0389	1.0556
33894 	0.9754	0.9616	1.0177	1.0236	0.9961	1.0138	0.9734	1.0138	0.8384	0.9852	0.9399	1.0877	0.9773	1.0167	1.0483
33896 	0.9796	0.9687	1.0163	1.0064	1.0292	1.0232	0.9776	1.0222	0.8646	0.9925	0.9766	1.0639	0.9885	1.0123	1.0431
33899 	0.9810	0.9702	1.0256	1.0078	1.0048	1.0266	0.9721	1.0256	0.8741	0.9870	0.9454	1.0662	0.9801	1.0266	1.0454
33902 	0.9566	0.9420	0.9790	0.9770	0.9439	1.0053	0.9498	1.0043	0.8640	0.9712	0.9410	0.9975	0.9683	1.1456	1.0316
33903 	0.9813	0.9675	0.9871	0.9959	0.9959	1.0606	0.9578	1.0596	0.8109	0.9861	0.9166	1.0351	0.9930	1.0351	1.0508
33904 	0.9854	0.9615	1.0182	1.0043	1.0889	1.1068	0.9555	1.1058	0.8520	0.9814	0.9197	1.1018	0.9933	1.0331	1.0471
33905 	0.9810	0.9711	1.0603	1.0038	0.9761	1.1614	0.9652	1.1604	0.8591	0.9840	0.9741	1.0127	0.9850	1.0316	1.0494
33906 	0.9738	0.9659	1.0586	1.0290	0.9640	1.1700	0.9669	1.1690	0.8082	0.9669	0.9640	1.0320	0.9876	1.0320	1.0438
33907 	0.9840	0.9732	1.0345	1.0048	0.9682	1.1719	0.9573	1.1710	0.8485	0.9860	0.9662	1.0256	0.9860	1.0384	1.0434
33910 	0.9699	0.9719	1.0382	0.9956	0.9689	1.1728	0.9541	1.1718	0.8699	0.9897	0.9729	0.9986	0.9897	1.0411	1.0599
33911 	0.9676	0.9686	1.0429	0.9943	0.9735	1.1776	0.9508	1.1766	0.8755	0.9914	0.9696	1.0052	0.9963	1.0439	1.0557
33921 	0.9719	0.9620	1.0441	0.9877	0.9689	1.1787	0.9966	1.1777	0.8679	0.9867	0.9659	0.9966	0.9897	1.0372	1.0303
33922 	0.9655	0.9527	1.0266	0.9911	0.9566	1.1785	1.0217	1.1775	0.8629	0.9852	0.9408	0.9990	0.9832	1.0296	1.0237
33923 	0.9594	0.9584	1.0127	1.0107	0.9515	1.1815	0.9949	1.1805	0.8834	0.9811	0.9594	0.9821	0.9811	1.0295	1.0433
33925 	0.9717	0.9608	1.0113	0.9935	0.9618	1.1894	1.0054	1.1884	0.8728	0.9777	0.9658	1.0083	0.9816	1.0262	1.0440
33928 	0.9732	0.9643	1.0208	0.9931	0.9604	1.1933	0.9980	1.1923	0.8880	0.9772	0.9643	1.0020	0.9812	1.0327	1.0446
33929 	0.9816	0.9627	1.0322	0.9915	0.9548	1.1977	0.9935	1.1967	0.8983	0.9756	0.9608	0.9984	0.9836	1.0322	1.0421
33935 	0.9823	0.9675	1.0091	0.9892	0.9595	1.2051	0.9586	1.2041	0.8754	0.9863	0.9774	1.0130	0.9902	1.0378	1.0556
33936 	0.9722	0.9594	1.0050	0.9881	0.9762	1.2121	1.0059	1.2111	0.8662	0.9762	0.9623	1.0258	0.9832	1.0268	1.0476
33937 	0.9744	0.9655	1.0001	0.9912	0.9645	1.2150	0.9605	1.2140	0.8774	0.9863	0.9793	1.0081	0.9902	1.0398	1.0576
33938 	0.9779	0.9680	1.0017	0.9987	0.9542	1.2185	0.9572	1.2175	0.8780	0.9849	0.9779	1.0076	0.9898	1.0363	1.0551
33944 	0.9778	0.9649	0.9976	0.9956	0.9619	1.2185	0.9808	1.2175	0.8797	0.9808	0.9788	1.0035	0.9827	1.0293	1.0531
33945 	0.9749	0.9610	0.9897	0.9828	0.9571	1.2121	0.9857	1.2112	0.8750	0.9679	0.9709	0.9956	0.9749	1.0203	1.0935
33947 	0.9743	0.9664	0.9952	0.9833	0.9664	1.2313	1.0041	1.2303	0.8841	0.9813	0.9763	1.0021	0.9863	1.0369	1.0339
33948 	0.9769	0.9690	0.9957	0.9878	0.9600	1.2328	1.0047	1.2318	0.8847	0.9799	0.9739	0.9997	0.9858	1.0324	1.0324
33950 	0.9848	0.9759	0.9928	0.9987	0.9700	1.2348	0.9600	1.2338	0.8767	0.9868	0.9729	1.0116	0.9888	1.0384	1.0424
33965 	1.0000	1.0000	1.0000	1.0000	1.0000	1.0000	1.0000	1.0000	1.0000	1.0000	1.0000	1.0000	1.0000	1.0000	1.0000
33974 	0.9789	0.9730	1.0007	0.9977	0.9690	1.2333	0.9542	1.2323	0.8720	0.9839	0.9671	0.9928	0.9878	1.0363	1.0611
33991 	0.9721	0.9632	0.9999	0.9919	0.9553	1.2416	1.0008	1.2407	0.8839	0.9711	0.9731	0.9929	0.9790	1.0316	1.0534
34000 	0.9637	0.9529	0.9973	0.9963	0.9440	1.2422	0.9470	1.2412	0.9006	0.9746	0.9726	0.9716	0.9805	1.0240	1.1138
34004 	0.9818	0.9475	0.9965	1.0053	0.9396	0.9916	0.9671	0.9916	0.9151	0.9877	0.9847	0.9828	0.9896	1.0416	1.0269
34007 	1.0000	1.0000	1.0000	1.0000	1.0000	1.0000	1.0000	1.0000	1.0000	1.0000	1.0000	1.0000	1.0000	1.0000	1.0000
34008 	0.9873	0.9634	1.0431	0.9315	0.9744	1.2454	0.9824	1.2454	0.9206	0.9933	0.9953	0.9634	0.9953	1.0461	1.0640
34010 	0.9774	0.9635	0.9912	1.0001	0.9477	1.1268	0.9675	1.1268	0.9200	0.9853	0.9794	1.0051	0.9843	1.0358	1.0496
34011 	0.9874	0.9663	0.9753	1.0054	0.9784	1.5262	0.9593	1.5262	0.9252	0.9794	0.9794	1.0105	0.9814	1.0345	1.0526
34020 	0.9826	0.9687	0.9787	1.0046	0.9538	1.5282	0.9548	1.5282	0.8901	0.9787	0.9588	0.9747	0.9876	1.0434	1.0484
34034 	0.9712	0.9633	0.9801	1.0040	0.9474	1.5293	0.9513	1.5293	0.8957	0.9861	0.9305	0.9672	0.9891	1.0467	1.0516
34043 	0.9788	0.9606	1.1998	1.0232	0.9667	1.5328	0.9647	1.5328	0.9152	0.9778	0.9687	1.0071	0.9980	1.0202	1.0373
34044 	0.9699	0.9619	1.1002	1.0010	0.9459	1.5421	0.9499	1.5421	0.9038	0.9790	0.9669	0.9920	0.9920	1.0381	1.0701
34052 	0.9799	0.9669	0.9709	1.0049	0.9559	1.5788	0.9549	1.5788	0.9189	0.9809	0.9659	0.9839	0.9899	1.0439	1.0459
34054 	0.9755	0.9696	0.9833	1.0039	0.9559	1.0186	0.9510	1.0176	0.8765	0.9853	0.9657	0.9912	0.9990	1.0412	1.0441
34058 	0.9874	0.9747	0.9805	1.0021	0.9561	1.0197	0.9521	1.0188	0.8708	0.9845	0.9570	0.9815	0.9903	1.0442	1.0393
34063 	0.9869	0.9655	0.9840	1.0054	0.9518	1.0210	0.9548	1.0200	0.8427	0.9801	0.9372	0.9665	0.9889	1.0424	1.0415
34086 	0.9796	1.1443	0.9395	1.0128	0.9345	1.4725	0.9545	1.4725	0.8522	0.9857	0.9234	1.0138	0.9947	1.0138	1.0589
34094 	0.9731	1.0998	0.9969	1.0008	0.9573	1.0286	0.9484	1.0276	0.8652	0.9870	0.9474	0.9622	0.9900	1.0414	1.0593
34104 	0.9530	1.0819	0.9877	1.0055	0.9401	1.0283	0.9678	1.0273	0.8964	0.9956	0.9807	0.9688	0.9867	1.0640	1.0273
34117 	1.0343	1.0748	0.9553	0.9859	0.9819	1.0234	0.9434	1.0224	0.8673	0.9790	0.9434	0.9661	0.9938	1.0195	1.0442
34124 	0.9725	1.0781	0.9764	0.9982	0.9735	1.0347	0.9537	1.0337	0.8530	0.9834	0.9300	0.9715	0.9922	1.0396	1.0604
34127 	0.9855	1.1449	0.9994	0.9974	0.9586	1.0413	0.9466	1.0403	0.8729	0.9855	0.9636	0.9725	0.9915	1.0433	1.0502
34200 	1.1132	1.2431	1.0977	1.1655	1.0880	1.1423	1.0909	1.1423	1.0395	1.1258	1.0628	1.1655	1.1374	0.1736	1.1937
