2.1244 1.9040
2.0539 1.9040
1.9822 1.9040
1.9040 1.9040
1.8151 1.9040
1.7067 1.9040
1.5660 1.9040
1.4705 1.9040
1.3467 1.9040
1.3013 1.9040
1.1654 1.9040
1.1044 1.9040
1.0850 1.9040
1.0729 1.9040
1.0510 1.9250
1.0450 1.9250
1.0440 1.9250
1.0160 1.9250
1.0500 1.9250
1.0580 1.9250
1.0680 1.9250
1.0780 1.9250
1.0910 1.9250
1.1040 1.9250
1.1180 1.9250
1.1320 1.9250
1.1470 1.9250
1.1590 1.9250
0.9648 1.9250
1.1860 1.9250
1.1820 1.9290
1.1960 1.9290
1.2100 1.9290
1.2250 1.9290
1.2390 1.9290
1.2640 1.9290
1.2880 1.9290
1.3100 1.9290
1.3330 1.9290
1.3710 1.9290
1.4070 1.9290
1.4380 1.9290
1.4670 1.9290
1.4920 1.9290
1.5430 1.9290
1.6190 1.9290
