-0.5584 0.9600
-0.5800 0.9600
-0.5983 0.9600
-0.6914 0.9600
-0.7967 0.9600
-0.9281 0.9600
-1.1466 0.9600
-1.0725 0.9600
-1.0890 0.9600
-0.8665 0.9600
-0.6753 0.9600
-0.4256 0.9600
-0.3050 0.9600
-0.2031 0.9600
-0.1862 0.9430
-0.0874 0.9430
0.0097 0.9430
0.0677 0.9430
0.1850 0.9430
0.2678 0.9430
0.3456 0.9430
0.4176 0.9430
0.4859 0.9430
0.5479 0.9430
0.6074 0.9430
0.6597 0.9430
0.7108 0.9430
0.7549 0.9430
0.7556 0.9430
0.8350 0.9430
0.8223 0.9160
0.8592 0.9160
0.8943 0.9160
0.9302 0.9160
0.9671 0.9160
0.9995 0.9160
1.0320 0.9160
1.0610 0.9160
1.0910 0.9160
1.1120 0.9160
1.1320 0.9160
1.1500 0.9160
1.1660 0.9160
1.1800 0.9160
1.1770 0.9160
1.1470 0.9160
