-0.5426 -0.2130
-0.5470 -0.2130
-1.0750 -0.2130
-1.0630 -0.2130
-1.1050 -0.2130
-0.9805 -0.2130
-0.9334 -0.2130
-0.8491 -0.2130
-0.7778 -0.2130
-0.7230 -0.2130
-0.6656 -0.2130
-0.6313 -0.2130
-0.5421 -0.2130
-0.4841 -0.2130
-0.4261 -0.2130
-0.4664 -0.2130
-0.4179 -0.2130
-0.3463 -0.2130
-0.2841 -0.2130
-0.2169 -0.2130
-0.1469 -0.2130
-0.0796 -0.2130
-0.0129 -0.2130
0.0590 -0.2130
0.1408 -0.2130
0.2069 -0.2130
0.2822 -0.2130
0.3553 -0.2130
0.4283 -0.2130
0.5012 -0.2130
0.5872 -0.2130
0.6313 -0.2130
0.7206 -0.2130
0.8494 -0.2130
0.8658 -0.2130
0.9417 -0.2130
1.0160 -0.2130
1.0890 -0.2130
1.1340 -0.2130
1.1760 -0.2130
1.1560 -0.2130
1.1150 -0.2130
1.0820 -0.2130
0.7079 -0.2130
0.5503 -0.2130
0.5465 -0.2130
0.5033 -0.2130
