2.1220 1.9100
2.0520 1.9100
1.9770 1.9100
1.8990 1.9100
1.8120 1.9100
1.7070 1.9100
1.5410 1.9100
1.4640 1.9100
1.3460 1.9100
1.2820 1.9100
1.2200 1.9100
1.1590 1.9100
1.1150 1.9100
1.0860 1.9100
1.0650 1.9100
1.0530 1.9100
1.0530 1.9320
1.0460 1.9320
1.0440 1.9320
1.0290 1.9320
1.0320 1.9320
1.0550 1.9320
1.0640 1.9320
1.0750 1.9320
1.0880 1.9320
1.1010 1.9320
1.1140 1.9320
1.1280 1.9320
1.1430 1.9320
1.1560 1.9320
0.9647 1.9320
1.1820 1.9320
1.1750 1.9360
1.1920 1.9360
1.2010 1.9360
1.2230 1.9360
1.2170 1.9360
1.2580 1.9360
1.2840 1.9360
1.3080 1.9360
1.3290 1.9360
1.3660 1.9360
1.4020 1.9360
1.4360 1.9360
1.4640 1.9360
1.4910 1.9360
1.5380 1.9360
1.6200 1.9360
