1.6030 1.4923
1.6040 1.4923
1.6060 1.4923
1.6080 1.4923
1.6090 1.4923
1.6110 1.4923
1.6130 1.4923
1.6150 1.4923
1.6170 1.4923
1.6190 1.4923
1.6220 1.4923
1.6250 1.4923
1.6270 1.4923
1.6300 1.4923
1.6330 1.4923
1.6360 1.4923
2.1720 1.4183
2.2120 1.4183
2.2500 1.4183
2.2480 1.4183
2.2200 1.4183
2.1730 1.4183
2.0780 1.4183
1.9830 1.4183
1.8700 1.4183
1.7450 1.4183
1.5940 1.4183
1.4390 1.4183
1.2970 1.4183
1.1870 1.4183
1.1130 1.4183
1.0690 1.4183
1.2780 1.3199
1.2740 1.3199
1.2710 1.3199
1.2680 1.3199
1.2650 1.3199
1.2620 1.3199
1.2590 1.3199
1.2570 1.3199
1.2540 1.3199
1.2520 1.3199
1.2490 1.3199
1.2470 1.3199
1.2450 1.3199
1.2420 1.3199
1.2400 1.3199
1.2380 1.3199
