-1.2120 -1.1390
-1.2020 -1.1390
-1.1920 -1.1390
-1.1820 -1.1390
-1.1710 -1.1390
-1.1590 -1.1390
-1.1470 -1.1390
-1.1350 -1.1390
-1.1210 -1.1390
-1.1070 -1.1390
-1.0920 -1.1390
-1.0760 -1.1390
-1.0590 -1.1390
-1.0420 -1.1390
-1.0230 -1.1390
-1.0020 -1.1390
-0.2722 -1.0800
-0.1244 -1.0800
0.0544 -1.0800
0.2189 -1.0800
0.3789 -1.0800
0.5500 -1.0800
0.6556 -1.0800
0.8003 -1.0800
0.9439 -1.0800
1.1000 -1.0800
1.1570 -1.0800
1.1500 -1.0800
1.0430 -1.0800
0.8364 -1.0800
0.5859 -1.0800
0.3584 -1.0800
-1.0030 -1.1020
-1.0130 -1.1020
-1.0220 -1.1020
-1.0310 -1.1020
-1.0390 -1.1020
-1.0470 -1.1020
-1.0550 -1.1020
-1.0630 -1.1020
-1.0700 -1.1020
-1.0780 -1.1020
-1.0850 -1.1020
-1.0920 -1.1020
-1.0980 -1.1020
-1.1040 -1.1020
-1.1100 -1.1020
-1.1160 -1.1020
