-0.5622 0.9600
-0.5974 0.9600
-0.5700 0.9600
-0.6584 0.9600
-0.7582 0.9600
-0.8621 0.9600
-1.3020 0.9600
-1.0670 0.9600
-1.0630 0.9600
-0.9046 0.9600
-0.7778 0.9600
-0.6821 0.9600
-0.5611 0.9600
-0.4429 0.9600
-0.3304 0.9600
-0.2202 0.9600
-0.2184 0.9440
-0.1179 0.9440
-0.0239 0.9440
0.0534 0.9440
0.1451 0.9440
0.2442 0.9440
0.3237 0.9440
0.3977 0.9440
0.4680 0.9440
0.5332 0.9440
0.5905 0.9440
0.6443 0.9440
0.6966 0.9440
0.7418 0.9440
0.7412 0.9440
0.8242 0.9440
0.8112 0.9170
0.8491 0.9170
0.8873 0.9170
0.9242 0.9170
0.9606 0.9170
0.9925 0.9170
1.0260 0.9170
1.0580 0.9170
1.0860 0.9170
1.1090 0.9170
1.1300 0.9170
1.1480 0.9170
1.1640 0.9170
1.1790 0.9170
1.1790 0.9170
1.1470 0.9170
