415.90839   420.56928   294.96108
406.57558   411.25852   294.25124
397.19858   401.90374   293.53805
387.77709   392.50461   292.82148
378.31077   383.06083   292.10149
368.79932   373.57206   291.37808
359.24240   364.03800   290.65121
349.63969   354.45831   289.92086
339.99086   344.83266   289.18701
330.29557   335.16073   288.44962
320.55350   325.44218   287.70868
310.76430   315.67667   286.96416
300.92762   305.86386   286.21603
291.04313   296.00341   285.46426
281.11048   286.09497   284.70883
271.12930   276.13818   283.94971
261.09924   266.13270   283.18688
251.01994   256.07816   282.42031
240.89105   245.97420   281.64996
230.71219   235.82046   280.87582
220.48299   225.61657   280.09786
210.20308   215.36216   279.31603
199.87208   205.05685   278.53033
189.48960   194.70024   277.74071
179.05527   184.29199   276.94715
168.56869   173.83168   276.14962
158.02947   163.31893   275.34809
147.43721   152.75334   274.54253
136.79151   142.13451   273.73291
126.09196   131.46204   272.91919
115.33817   120.73553   272.10135
104.52970   109.95456   271.27936
93.66615   99.11870   270.45317
82.74709   88.22755   269.62277
71.78616   77.26662   268.78812