1.016 0.000
1.016 0.964
1.016 0.968
1.016 1.001
1.016 1.019
1.016 1.077
1.016 1.070
1.016 1.096
1.016 1.113
1.016 1.138
1.016 1.147
1.012 1.165
1.001 1.217
1.029 1.217
1.042 1.162
1.046 1.162
1.056 1.163
1.097 1.165
1.108 1.166
1.116 1.166
1.134 1.169
1.148 1.172
1.162 1.176
1.181 1.183
1.182 1.183
1.185 1.185
1.190 1.188
1.195 1.191
1.201 1.196
1.209 1.202
1.215 1.208
1.222 1.214
1.228 1.221
1.234 1.231
1.239 1.238
1.242 1.244
1.248 1.254
1.258 1.278
1.263 1.290
1.280 1.331
1.280 1.347
1.280 1.348
1.310 1.348
1.328 1.348
1.361 1.348
1.380 1.348
1.419 1.348
1.419 1.310
1.372 1.310
1.372 1.292
1.608 1.095
1.647 1.077
1.785 1.077
2.070 1.040
2.128 0.993
2.245 0.709
2.323 0.519
2.377 0.389
2.362 0.400
2.364 0.222
2.365 0.133
2.365 0.044
2.365 -0.044
2.365 -0.133
2.364 -0.222
2.362 -0.400
2.377 -0.389
2.134 -0.973
1.786 -1.174
1.768 -1.211
1.768 -1.250
1.682 -1.250
1.372 -1.250
1.372 -1.329
1.420 -1.329
1.420 -1.363
1.273 -1.363
1.153 -1.363
1.016 -1.223
1.016 -1.223
1.016 -0.830
1.016 -0.800
1.016 -0.415
1.016 -0.400
1.016 -0.001
1.016 0.000
