1.016 0.000
1.016 0.964
1.016 0.968
1.016 1.001
1.016 1.019
1.016 1.077
1.016 1.070
1.016 1.096
1.016 1.113
1.016 1.138
1.016 1.147
1.012 1.165
1.001 1.217
1.029 1.217
1.042 1.162
1.046 1.162
1.056 1.163
1.097 1.165
1.108 1.166
1.116 1.166
1.134 1.169
1.148 1.172
1.162 1.176
1.181 1.183
1.182 1.183
1.185 1.185
1.190 1.188
1.195 1.191
1.201 1.196
1.209 1.202
1.215 1.208
1.222 1.214
1.228 1.221
1.234 1.231
1.239 1.238
1.242 1.244
1.248 1.254
1.258 1.278
1.263 1.290
1.280 1.331
1.280 1.347
1.280 1.348
1.310 1.348
1.328 1.348
1.361 1.348
1.380 1.348
1.419 1.348
1.419 1.310
1.372 1.310
1.37167001  1.29237998 
1.37003005  1.28268003 
1.36688006  1.25644004 
1.36719  1.22955 
1.37178004  1.19576001 
1.37223995  1.19402003 
1.38662004  1.16487002 
1.38707995  1.16420996 
1.40382004  1.15696001 
1.41127002  1.1573 
1.41857004  1.16131997 
1.421  1.16400003 
1.48662996  1.24049997 
1.49730003  1.23458004 
1.49761999  1.23427999 
1.49744999  1.23174 
1.49275005  1.21329999 
1.49259996  1.21061003 
1.49260998  1.20485997 
1.49278998  1.20213997 
1.49339998  1.19641995 
1.49469995  1.18510997 
1.49621999  1.16069996 
1.47981  1.12425995 
1.48081994  1.12256002 
1.48149002  1.12137997 
1.48645997  1.11691999 
1.49094999  1.11439002 
1.50304997  1.11243999 
1.59696996  1.09489 
1.62549996  1.08529997 
1.63751996  1.07988 
1.64699996  1.07700002
1.785 1.077
2.070 1.040
2.128 0.993
2.245 0.709
2.323 0.519
2.377 0.389
2.362 0.400
2.364 0.222
2.365 0.133
2.365 0.044
2.365 -0.044
2.365 -0.133
2.364 -0.222
2.362 -0.400
2.377 -0.389
2.134 -0.973
1.786 -1.174
1.768 -1.211
1.768 -1.250
1.682 -1.250
1.372 -1.250
1.372 -1.329
1.420 -1.329
1.420 -1.363
1.273 -1.363
1.153 -1.363
1.016 -1.223
1.016 -1.223
1.016 -0.830
1.016 -0.800
1.016 -0.415
1.016 -0.400
1.016 -0.001
1.016 0.000
