2.0700 2.3060
2.0140 2.3060
1.4720 2.3060
1.3940 2.3060
1.2410 2.3060
1.2800 2.3060
1.2280 2.3060
1.2280 2.3060
1.2180 2.3060
1.1820 2.3060
1.1450 2.3060
1.0380 2.3060
1.1100 2.3060
1.0970 2.3060
1.0820 2.3060
1.0872 2.3050
1.0171 2.3050
1.0643 2.3050
1.0548 2.3050
1.0471 2.3050
1.0003 2.3050
1.0366 2.3050
1.0340 2.3050
1.0331 2.3050
1.0108 2.3050
1.0382 2.3050
1.0442 2.3050
1.0503 2.3050
1.0614 2.3050
1.0745 2.3050
1.0680 2.3050
1.1250 2.3060
1.1300 2.3060
1.0920 2.3060
1.1910 2.3060
1.2310 2.3060
1.2760 2.3060
1.3320 2.3060
1.4100 2.3060
1.4860 2.3060
1.5950 2.3060
1.7030 2.3060
1.8010 2.3060
2.0000 2.3060
2.0960 2.3060
2.1360 2.3060
2.1810 2.3060
