6.2666e-01 1.6181e-01
6.3054e-01 -9.3431e-02
6.3386e-01 -1.3914e-01
6.5662e-01 -1.6032e-01
6.8711e-01 -1.6720e-01
7.5101e-01 -1.6884e-01
7.8040e-01 -1.6516e-01
8.0905e-01 -1.5802e-01
8.4270e-01 -1.4928e-01
8.6814e-01 -1.4022e-01
8.9224e-01 -1.2926e-01
9.1484e-01 -1.1682e-01
9.3591e-01 -1.0335e-01
9.5545e-01 -8.9127e-02
9.7352e-01 -7.4403e-02
9.9019e-01 -5.9380e-02
1.0056e+00 -4.4180e-02
1.0197e+00 -2.8936e-02
1.0328e+00 -1.3684e-02
1.0448e+00 1.5393e-03
1.0558e+00 1.6729e-02
1.0659e+00 3.1871e-02
1.0753e+00 4.6946e-02
1.0837e+00 6.2040e-02
1.0913e+00 7.7193e-02
1.0980e+00 9.2327e-02
1.1042e+00 1.0735e-01
1.1100e+00 1.2222e-01
1.1151e+00 1.3709e-01
1.1195e+00 1.5208e-01
1.1229e+00 1.6716e-01
1.1254e+00 1.8231e-01
1.1274e+00 1.9742e-01
1.1288e+00 2.1250e-01
1.1297e+00 2.2758e-01
1.1302e+00 2.4266e-01
1.1302e+00 2.5781e-01
1.1298e+00 2.7304e-01
1.1289e+00 2.8840e-01
1.1274e+00 3.0391e-01
1.1252e+00 3.1953e-01
1.1224e+00 3.3528e-01
1.1184e+00 3.5098e-01
1.1133e+00 3.6653e-01
1.0927e+00 4.2358e-01
1.0869e+00 4.3880e-01
1.0803e+00 4.5414e-01
1.0726e+00 4.6954e-01
1.0640e+00 4.8505e-01
1.0544e+00 5.0067e-01
1.0438e+00 5.1635e-01
1.0320e+00 5.3201e-01
1.0190e+00 5.4754e-01
1.0047e+00 5.6284e-01
9.8895e-01 5.7770e-01
9.7180e-01 5.9187e-01
9.5321e-01 6.0507e-01
9.3321e-01 6.1687e-01
9.1190e-01 6.2690e-01
8.8947e-01 6.3465e-01
8.6622e-01 6.3971e-01
8.2885e-01 6.4431e-01
8.0325e-01 6.4559e-01
7.7789e-01 6.4293e-01
7.5348e-01 6.3596e-01
7.3087e-01 6.2430e-01
7.1088e-01 6.0802e-01
6.9412e-01 5.8766e-01
6.8063e-01 5.6451e-01
6.7024e-01 5.3978e-01
6.6507e-01 5.2685e-01
6.5681e-01 5.0173e-01
6.5007e-01 4.7749e-01
6.4465e-01 4.5415e-01
6.4053e-01 4.3160e-01
6.3743e-01 4.0997e-01
6.3518e-01 3.8920e-01
6.3337e-01 3.6942e-01
6.3201e-01 3.5043e-01
6.2639e-01 2.7047e-01
6.2595e-01 2.5532e-01
6.2643e-01 1.7962e-01
6.2666e-01 1.6181e-01
