0.7500 -1.1562
0.7500 -1.1562
0.7500 -1.1562
0.7500 -1.1562
0.7500 -1.1562
0.7500 -1.1562
0.7500 -1.1562
0.7500 -1.1562
0.7500 -1.1562
0.7500 -1.1562
0.7500 -1.1562
0.7500 -1.1562
0.7500 -1.1562
0.7500 -1.1562
0.7500 -1.1562
0.7500 -1.1562
0.7500 -1.1562
0.7500 -1.1562
0.7500 -1.1562
0.7500 -1.1562
0.7500 -1.1562
0.7500 -1.1562
0.7500 -1.1562
0.7500 -1.1562
0.7500 -1.1562
0.7500 -1.1562
0.7500 -1.1562
0.7500 -1.1562
0.7500 -1.1562
0.7500 -1.1562
0.7500 -1.1562
0.7500 -1.1562
0.7500 -1.1562
0.7500 -1.1562
0.7500 -1.1562
0.7500 -1.1562
0.7500 -1.1562
0.7500 -1.1562
0.7500 -1.1562
0.7500 -1.1562
0.7500 -1.1562
0.7500 -1.1562
0.7500 -1.1562
0.7500 -1.1562
0.7500 -1.1562
0.7500 -1.1562
0.7500 -1.1562
0.7500 -1.1562
0.7500 -1.1562
0.7500 -1.1562
0.7500 -1.1562
0.7500 -1.1562
0.7500 -1.1562
0.7500 -1.1562
0.7500 -1.1562
0.7500 -1.1562
0.7500 -1.1562
0.7500 -1.1562
0.7500 -1.1562
0.7500 -1.1562
0.7500 -1.1562
0.7500 -1.1562
0.7500 -1.1562
0.7500 -1.1562
