0.4375 0.4203 0.9430
0.4518 0.4347 0.9410
0.4661 0.4490 0.9390
0.4803 0.4634 0.9370
0.4946 0.4777 0.9350
0.5089 0.4921 0.9330
0.5232 0.5064 0.9310
0.5375 0.5208 0.9290
0.5518 0.5351 0.9270
0.5661 0.5495 0.9250
0.5804 0.5638 0.9230
0.5947 0.5782 0.9210
0.6090 0.5925 0.9190
0.6233 0.6069 0.9170
0.6376 0.6212 0.9150
0.6519 0.6355 0.9130
0.6662 0.6499 0.9110
0.6805 0.6642 0.9090
0.6948 0.6786 0.9070
0.7091 0.6929 0.9050
0.7234 0.7072 0.9030
0.7377 0.7216 0.9010
0.7520 0.7359 0.8990
0.7663 0.7502 0.8970
0.7806 0.7646 0.8950
0.7950 0.7789 0.8930
0.8093 0.7932 0.8910
0.8236 0.8075 0.8890
0.8379 0.8219 0.8870
0.8522 0.8362 0.8850
0.8665 0.8505 0.8830
0.8808 0.8648 0.8810
0.8952 0.8792 0.8790
0.9095 0.8935 0.8770
0.9238 0.9078 0.8750
0.9381 0.9221 0.8730
0.9525 0.9364 0.8710
0.9668 0.9507 0.8690
0.9811 0.9650 0.8670
0.9954 0.9794 0.8650
1.0098 0.9937 0.8630
1.0241 1.0080 0.8610
1.0384 1.0223 0.8590
1.0528 1.0366 0.8570
1.0671 1.0509 0.8550
1.0814 1.0652 0.8530
1.0958 1.0795 0.8510
1.1101 1.0938 0.8490
1.1245 1.1081 0.8470
1.1388 1.1224 0.8450
1.1531 1.1367 0.8430
1.1675 1.1510 0.8410
1.1818 1.1653 0.8390
1.1962 1.1796 0.8370
1.2105 1.1939 0.8350
1.2249 1.2082 0.8330
1.2392 1.2225 0.8310
1.2536 1.2368 0.8290
1.2679 1.2511 0.8270
1.2823 1.2654 0.8250
1.2966 1.2797 0.8230
1.3110 1.2939 0.8210
1.3253 1.3082 0.8190
1.3397 1.3225 0.8170
