7.5329e-01 4.0599e-01
7.2874e-01 4.0455e-01
6.4108e-01 3.9867e-01
6.3242e-01 3.7062e-01
6.3180e-01 3.6858e-01
6.3030e-01 3.3585e-01
6.2890e-01 3.0473e-01
6.2783e-01 2.7681e-01
6.2711e-01 2.5142e-01
6.2670e-01 2.2807e-01
6.2651e-01 2.0645e-01
6.2598e-01 1.0456e-01
6.2591e-01 6.1837e-02
6.2634e-01 6.3091e-03
6.2665e-01 -1.0197e-02
6.2722e-01 -2.7096e-02
6.2752e-01 -3.5394e-02
6.2823e-01 -5.3069e-02
6.2911e-01 -7.1618e-02
6.3016e-01 -9.1240e-02
6.3139e-01 -1.1223e-01
6.3277e-01 -1.3492e-01
6.3442e-01 -1.5963e-01
6.3642e-01 -1.8684e-01
6.3982e-01 -2.1600e-01
6.4886e-01 -2.4180e-01
6.6718e-01 -2.5676e-01
7.2018e-01 -2.7862e-01
7.4276e-01 -2.8488e-01
7.6619e-01 -2.8751e-01
8.9360e-01 -2.9527e-01
9.1562e-01 -2.9517e-01
9.3741e-01 -2.9210e-01
9.5857e-01 -2.8588e-01
9.7861e-01 -2.7643e-01
9.9706e-01 -2.6383e-01
1.0136e+00 -2.4852e-01
1.0280e+00 -2.3116e-01
1.0403e+00 -2.1255e-01
1.0508e+00 -1.9340e-01
1.0596e+00 -1.7431e-01
1.0672e+00 -1.5569e-01
1.0737e+00 -1.3773e-01
1.1115e+00 -2.7459e-02
1.1158e+00 -1.3345e-02
1.1193e+00 9.6548e-04
1.1219e+00 1.5430e-02
1.1237e+00 2.9992e-02
1.1248e+00 4.4610e-02
1.1251e+00 5.9263e-02
1.1249e+00 7.3945e-02
1.1241e+00 8.8658e-02
1.1225e+00 1.0339e-01
1.1201e+00 1.1807e-01
1.1168e+00 1.3267e-01
1.1126e+00 1.4711e-01
1.1076e+00 1.6140e-01
1.0619e+00 2.8384e-01
1.0538e+00 3.0272e-01
1.0439e+00 3.2135e-01
1.0320e+00 3.3913e-01
1.0180e+00 3.5535e-01
1.0020e+00 3.6944e-01
9.8414e-01 3.8092e-01
9.6489e-01 3.8952e-01
9.4466e-01 3.9525e-01
9.2639e-01 3.9879e-01
8.7717e-01 4.0593e-01
8.5549e-01 4.0660e-01
7.7947e-01 4.0701e-01
7.5581e-01 4.0613e-01
7.5329e-01 4.0599e-01
