-250    218.0681
-250    218.0681
-250    218.0681
-250    218.0681
-250    218.0681
-250    218.0681
-250    218.0681
-250    218.0681
-250    218.0681
-250    218.0681
-250    218.0681
-250    218.0681
-250    218.0681
-250    218.0681
-250    218.0681
-250    218.0681
-250    218.0681
-250    218.0681
-250    218.0681
-250    218.0681
-250    218.0681
-250    218.0681
-250    218.0681
-250    218.0681
-250    218.0681
-250    218.0681
-250    218.0681
-250    218.0681
-237.0963   218.0681
-205.9033   218.0681
-178.5617   218.0681
-154.4652   218.0681
-132.9989   218.0681
-113.8251   218.0681
-96.5467    218.0681